3 0.213859 0.303135 0.077717 0.127850
4 0.289334 0.332553 0.076223 0.118689
4 0.388519 0.330314 0.123777 0.145969
4 0.509715 0.329805 0.116984 0.138029
3 0.614266 0.349043 0.087500 0.115432
3 0.693886 0.337643 0.073098 0.144748
5 0.282880 0.650346 0.087500 0.150448
4 0.367391 0.666226 0.081522 0.121132
4 0.445584 0.669686 0.079212 0.130090
4 0.523234 0.689434 0.074728 0.124389
4 0.596875 0.710912 0.075543 0.117671
5 0.675000 0.713660 0.082337 0.134568
0 0.452378 0.383550 0.559375 0.290717
1 0.477649 0.627239 0.481658 0.321254
