3 0.299117 0.405029 0.076223 0.134568
3 0.374185 0.419178 0.070924 0.097313
3 0.463655 0.433836 0.108016 0.133550
3 0.576087 0.436686 0.126087 0.136808
3 0.681793 0.427626 0.082337 0.130090
3 0.763315 0.417345 0.085326 0.148208
5 0.341780 0.747659 0.077038 0.145969
5 0.416508 0.764556 0.075408 0.130090
4 0.491644 0.778705 0.073234 0.117671
4 0.567052 0.777586 0.082201 0.124389
5 0.641440 0.768017 0.076902 0.123168
5 0.720652 0.768017 0.081522 0.116653
0 0.537296 0.475672 0.552582 0.280334
1 0.533084 0.708571 0.461277 0.282777
