3 0.214946 0.356372 0.073913 0.121132
3 0.288179 0.365533 0.073913 0.121132
3 0.380571 0.374491 0.101902 0.130090
3 0.482473 0.376730 0.101902 0.130090
3 0.572690 0.378970 0.073913 0.121132
3 0.659103 0.378970 0.101902 0.130090
4 0.219429 0.616450 0.078533 0.125407
4 0.296467 0.672537 0.073913 0.160627
4 0.367799 0.703074 0.076359 0.124389
4 0.446332 0.706535 0.076359 0.124389
4 0.522690 0.735851 0.076359 0.124389
4 0.600543 0.730151 0.076359 0.124389
0 0.445924 0.436584 0.537500 0.281555
1 0.410462 0.632838 0.461957 0.336930
