6 0.256454 0.390269 0.077038 0.100570
6 0.334579 0.407777 0.083832 0.092834
5 0.437976 0.395358 0.124592 0.117671
6 0.558832 0.390879 0.115489 0.110749
4 0.658016 0.415717 0.084511 0.083876
3 0.732337 0.412968 0.061141 0.109731
6 0.291916 0.646987 0.069429 0.103013
6 0.367799 0.647598 0.083696 0.110749
6 0.445516 0.659507 0.071739 0.134568
6 0.528533 0.663986 0.085326 0.143526
6 0.614606 0.678135 0.083832 0.122150
5 0.689742 0.676405 0.063451 0.107288
0 0.491984 0.446254 0.548098 0.226384
1 0.492391 0.633958 0.468750 0.223941
