3 0.227038 0.347313 0.064946 0.143730
4 0.302853 0.374389 0.085326 0.127850
4 0.408899 0.377341 0.123777 0.144748
4 0.532745 0.376120 0.126902 0.147191
3 0.647826 0.394849 0.097283 0.134568
3 0.735734 0.404418 0.078533 0.106474
5 0.290082 0.704194 0.082337 0.142508
5 0.367391 0.716002 0.073913 0.116450
6 0.447079 0.719971 0.092799 0.126832
5 0.530842 0.719361 0.074728 0.109731
4 0.610122 0.726181 0.080842 0.136808
5 0.693139 0.744198 0.082201 0.130090
0 0.485190 0.425387 0.579620 0.297435
1 0.491236 0.672537 0.481658 0.287256
