3 0.264402 0.345582 0.074728 0.115432
4 0.350068 0.332553 0.096603 0.118689
3 0.449660 0.365330 0.099592 0.139047
3 0.548573 0.369910 0.099592 0.150244
3 0.644429 0.365432 0.087500 0.152687
4 0.728601 0.390269 0.077853 0.120928
5 0.307405 0.721091 0.091440 0.131107
5 0.387432 0.710403 0.070245 0.118689
5 0.459986 0.707451 0.076223 0.122150
4 0.532337 0.725570 0.071739 0.110749
5 0.601766 0.730151 0.068750 0.131311
4 0.676087 0.751629 0.081522 0.131107
0 0.497622 0.418465 0.544158 0.297435
1 0.486685 0.669585 0.452989 0.299674
