3 0.258356 0.380090 0.067255 0.107492
3 0.335326 0.362581 0.083696 0.108713
3 0.430842 0.346702 0.108696 0.122150
3 0.543682 0.351792 0.111005 0.127850
3 0.647826 0.390269 0.092935 0.127850
3 0.730503 0.415717 0.072418 0.131107
5 0.294565 0.747659 0.092935 0.102809
4 0.370380 0.706942 0.067935 0.107288
3 0.435734 0.700733 0.062772 0.097313
3 0.500272 0.696254 0.070924 0.113192
3 0.574660 0.708673 0.073234 0.133550
3 0.652717 0.740839 0.084511 0.143730
0 0.497215 0.438823 0.541984 0.313314
1 0.476902 0.673555 0.455978 0.294178
