5 0.193818 0.410627 0.057473 0.091612
4 0.267799 0.436584 0.087500 0.105252
3 0.370788 0.436686 0.118478 0.136808
3 0.488587 0.445643 0.118478 0.120928
3 0.586345 0.457553 0.069429 0.115432
4 0.659171 0.439434 0.073234 0.119910
4 0.246264 0.767508 0.073234 0.110749
4 0.318003 0.764658 0.067255 0.107492
3 0.385937 0.783388 0.070245 0.101792
3 0.453872 0.797435 0.068614 0.098534
3 0.514606 0.778298 0.055842 0.091612
4 0.581793 0.781046 0.078533 0.119910
0 0.430774 0.504479 0.531386 0.281759
1 0.415353 0.722822 0.411413 0.256718
