3 0.205910 0.320236 0.061821 0.111971
3 0.276834 0.329703 0.084647 0.124389
4 0.382133 0.332553 0.132201 0.139047
4 0.505910 0.338762 0.119973 0.158388
4 0.613519 0.369910 0.093614 0.129886
4 0.697283 0.395969 0.073913 0.107492
4 0.206250 0.644748 0.070109 0.125407
4 0.287772 0.670195 0.091304 0.135586
3 0.372690 0.696254 0.081522 0.133550
3 0.456114 0.709182 0.083696 0.159406
4 0.539878 0.730761 0.083832 0.139047
4 0.628193 0.729540 0.095788 0.159406
0 0.454959 0.414597 0.558560 0.316572
1 0.424049 0.640778 0.507337 0.352809
