6 0.239130 0.355761 0.075543 0.137826
6 0.317595 0.390879 0.083016 0.106270
4 0.420584 0.383449 0.116984 0.125611
3 0.541848 0.394748 0.122283 0.103013
4 0.647079 0.404316 0.089810 0.101792
4 0.725204 0.390269 0.063451 0.105049
5 0.299864 0.704703 0.079348 0.109731
5 0.376495 0.705212 0.072554 0.110749
4 0.449728 0.720480 0.073913 0.096091
4 0.522215 0.729031 0.069429 0.106270
6 0.594633 0.716511 0.077038 0.124389
6 0.665217 0.719971 0.065761 0.156148
0 0.480231 0.430375 0.559375 0.293974
1 0.482473 0.666226 0.441576 0.277077
