2 0.219837 0.311686 0.061141 0.085912
2 0.291984 0.300387 0.084511 0.099552
2 0.402921 0.299165 0.137364 0.144748
3 0.542527 0.307105 0.140489 0.151669
3 0.662568 0.322374 0.102582 0.121132
3 0.744837 0.356372 0.058967 0.093852
3 0.324796 0.611971 0.068614 0.100570
6 0.387024 0.629988 0.055842 0.105252
4 0.456522 0.652586 0.075543 0.134568
4 0.536481 0.653807 0.080027 0.114210
4 0.615014 0.658388 0.071060 0.107492
3 0.691644 0.660525 0.080842 0.125611
0 0.481454 0.361360 0.585734 0.280537
1 0.511617 0.592121 0.440897 0.266897
