4 0.259103 0.331433 0.088315 0.111971
3 0.342120 0.358001 0.079348 0.092630
4 0.437976 0.354642 0.111005 0.110749
4 0.552378 0.358612 0.114810 0.109731
5 0.648234 0.369910 0.075543 0.089169
4 0.722554 0.365941 0.068750 0.095073
5 0.311889 0.640167 0.076223 0.118689
5 0.386209 0.649430 0.074049 0.103013
4 0.461821 0.676405 0.078533 0.105252
4 0.533899 0.673555 0.062636 0.112989
4 0.604416 0.678135 0.080027 0.117671
5 0.682201 0.684344 0.076902 0.134568
0 0.486685 0.402687 0.540489 0.263436
1 0.496535 0.621539 0.446875 0.269137
