3 0.189334 0.310464 0.080027 0.106270
4 0.271535 0.307207 0.083016 0.101792
3 0.371943 0.311075 0.117799 0.145765
3 0.488179 0.318404 0.116304 0.126629
3 0.590489 0.334792 0.082337 0.125611
3 0.670109 0.351792 0.081522 0.105049
5 0.224049 0.675896 0.084511 0.122150
6 0.299117 0.653298 0.064266 0.097313
5 0.371943 0.657777 0.077038 0.108713
4 0.447079 0.654418 0.076223 0.124389
4 0.521060 0.678135 0.067120 0.108713
5 0.601427 0.692182 0.093614 0.127850
0 0.431590 0.381209 0.563179 0.283998
1 0.417595 0.617060 0.467255 0.291938
