3 0.317595 0.348432 0.069429 0.121132
3 0.391236 0.371132 0.079212 0.111971
3 0.489334 0.383550 0.116984 0.148208
3 0.611957 0.391388 0.122283 0.134568
3 0.713519 0.389149 0.076223 0.127647
3 0.786345 0.385179 0.071060 0.092834
3 0.356861 0.654316 0.077038 0.126629
2 0.428193 0.692895 0.076223 0.124389
2 0.505163 0.725061 0.080707 0.125611
2 0.584035 0.726792 0.077038 0.117671
3 0.661821 0.710912 0.075543 0.094870
3 0.733899 0.692284 0.080842 0.125611
0 0.553125 0.431494 0.540489 0.287256
1 0.546332 0.643628 0.452989 0.286034
