2 0.272690 0.384670 0.067120 0.109731
3 0.356454 0.390269 0.095788 0.091612
3 0.459511 0.359121 0.114674 0.101792
3 0.571264 0.374389 0.107201 0.136808
3 0.676495 0.398819 0.101902 0.138029
3 0.764878 0.405537 0.073234 0.146987
4 0.318410 0.732899 0.096603 0.111971
4 0.400272 0.714271 0.067120 0.108510
4 0.470788 0.728420 0.070924 0.118893
4 0.545924 0.724450 0.082337 0.119910
4 0.618410 0.714882 0.058016 0.105252
4 0.701019 0.772598 0.107201 0.132329
0 0.519158 0.457044 0.561685 0.299674
1 0.514266 0.688823 0.488315 0.308836
