3 0.210802 0.286238 0.077853 0.105049
4 0.296875 0.332044 0.091304 0.117671
4 0.401359 0.334894 0.119293 0.132329
4 0.520652 0.329397 0.119293 0.132329
3 0.619497 0.341103 0.077038 0.104031
4 0.693886 0.310566 0.071739 0.124389
5 0.267052 0.638538 0.077038 0.128868
5 0.341033 0.646987 0.070924 0.103013
4 0.416508 0.656657 0.077038 0.124389
5 0.493478 0.661747 0.076902 0.118689
5 0.568614 0.673555 0.074728 0.112989
4 0.643274 0.674776 0.073234 0.124389
0 0.451562 0.377239 0.559375 0.289495
1 0.452717 0.615941 0.450000 0.251018
