2 0.255707 0.401568 0.063315 0.098331
3 0.325136 0.425896 0.076902 0.113192
2 0.423641 0.412866 0.121467 0.143730
2 0.545245 0.415106 0.121467 0.143730
3 0.645924 0.428339 0.076902 0.113192
2 0.718478 0.432105 0.063315 0.098331
4 0.301359 0.716612 0.067120 0.106270
4 0.368546 0.712032 0.071603 0.119910
4 0.445584 0.748168 0.076223 0.146987
4 0.519158 0.743689 0.073913 0.115228
4 0.595380 0.745928 0.073913 0.115228
2 0.663451 0.757838 0.063315 0.098331
0 0.487024 0.470582 0.527582 0.261197
1 0.479891 0.684955 0.422826 0.282777
