3 0.268207 0.386910 0.088315 0.134568
3 0.348981 0.403298 0.073234 0.101792
3 0.436821 0.407777 0.105707 0.133550
3 0.543207 0.412256 0.105707 0.133550
3 0.635802 0.436075 0.073234 0.101792
3 0.710666 0.422638 0.073234 0.101792
3 0.271943 0.747048 0.086821 0.149226
4 0.350815 0.739210 0.070924 0.110749
3 0.416848 0.756107 0.061141 0.097313
4 0.479891 0.754377 0.066304 0.114210
4 0.552378 0.770257 0.080027 0.121132
5 0.622147 0.754479 0.074728 0.136808
0 0.485530 0.463762 0.527582 0.290717
1 0.443614 0.692793 0.431793 0.257736
