3 0.241304 0.429255 0.081522 0.099552
6 0.326630 0.392610 0.084511 0.154927
6 0.427446 0.408388 0.121467 0.164088
4 0.548573 0.445134 0.117799 0.128868
3 0.655367 0.449613 0.095788 0.153705
3 0.742595 0.470073 0.077038 0.126629
6 0.295720 0.723941 0.090625 0.136808
6 0.379484 0.727809 0.073913 0.146987
6 0.456114 0.747659 0.076359 0.148005
6 0.532745 0.767508 0.076902 0.153909
6 0.610530 0.765167 0.080027 0.140269
6 0.695788 0.793974 0.089130 0.136808
0 0.490082 0.481372 0.583424 0.339373
1 0.494633 0.709283 0.483832 0.320033
