3 0.197962 0.349043 0.056522 0.149226
3 0.265489 0.355761 0.073913 0.126832
4 0.359103 0.361360 0.111685 0.142508
4 0.480639 0.369401 0.126766 0.156148
4 0.590829 0.373270 0.090625 0.139047
3 0.673166 0.374491 0.069429 0.125611
4 0.244429 0.674674 0.064946 0.133550
4 0.312704 0.675896 0.068614 0.138029
4 0.382133 0.689434 0.068614 0.117467
5 0.457201 0.710403 0.084511 0.118689
5 0.539946 0.734731 0.077717 0.126629
5 0.623302 0.740839 0.086005 0.141287
0 0.438043 0.416836 0.539674 0.296213
1 0.436821 0.662765 0.451359 0.313314
