3 0.217595 0.356983 0.082201 0.140269
4 0.294973 0.365330 0.072554 0.098331
4 0.392731 0.342732 0.121603 0.134568
5 0.510122 0.349552 0.113179 0.134772
5 0.610530 0.399837 0.083016 0.117671
4 0.695041 0.390778 0.086005 0.124389
4 0.237976 0.661136 0.068614 0.128868
5 0.314606 0.684955 0.086005 0.128868
5 0.392323 0.688314 0.077038 0.115228
6 0.468954 0.704703 0.079212 0.121132
6 0.550883 0.719463 0.083016 0.152687
4 0.632337 0.722822 0.081522 0.143526
0 0.460598 0.424165 0.566848 0.317793
1 0.441440 0.636808 0.472554 0.324511
