2 0.287500 0.454703 0.082337 0.105252
3 0.366780 0.453583 0.073234 0.107492
3 0.460802 0.434243 0.120788 0.136808
3 0.583764 0.440554 0.126766 0.126629
2 0.680435 0.472211 0.064946 0.097109
2 0.746467 0.467630 0.067120 0.090391
3 0.306386 0.752748 0.076359 0.099552
3 0.383424 0.750509 0.076359 0.099552
4 0.458967 0.749287 0.076359 0.099552
3 0.538315 0.748270 0.076359 0.099552
3 0.616848 0.773107 0.076359 0.099552
4 0.694565 0.796722 0.076359 0.099552
0 0.512840 0.497557 0.534375 0.274837
1 0.499592 0.726079 0.462772 0.247761
