3 0.285598 0.445033 0.084511 0.117671
5 0.364470 0.430375 0.076223 0.101792
4 0.462228 0.417956 0.125272 0.133550
5 0.591304 0.421824 0.125272 0.148208
4 0.690217 0.466002 0.075543 0.105049
4 0.767595 0.454092 0.080842 0.151669
4 0.473913 0.810973 0.085326 0.114210
3 0.319973 0.788884 0.071739 0.099349
4 0.393139 0.803542 0.076223 0.097313
4 0.539266 0.792854 0.051359 0.075936
4 0.600408 0.797333 0.081522 0.114210
5 0.675883 0.795704 0.083016 0.115432
0 0.526087 0.485851 0.566848 0.287256
1 0.500340 0.750407 0.432473 0.239821
