3 0.206250 0.393628 0.091304 0.139047
3 0.291508 0.410016 0.076223 0.110749
2 0.388247 0.408795 0.119973 0.138029
2 0.508220 0.412154 0.119973 0.138233
3 0.605639 0.420195 0.076223 0.110749
3 0.682541 0.407777 0.076223 0.110749
6 0.250815 0.778196 0.097283 0.141490
6 0.330774 0.752239 0.062636 0.116450
6 0.402853 0.769137 0.078533 0.139251
5 0.481046 0.783897 0.079212 0.123168
5 0.549728 0.774837 0.064130 0.136808
5 0.627785 0.796315 0.093614 0.139047
0 0.440625 0.464882 0.564674 0.283998
1 0.436481 0.717121 0.473234 0.270155
