2 0.247486 0.486360 0.089810 0.103013
3 0.333967 0.487480 0.084511 0.107288
2 0.441508 0.452362 0.130571 0.136808
2 0.568682 0.456942 0.126766 0.141490
3 0.676223 0.486869 0.085326 0.133347
3 0.749864 0.515676 0.058967 0.116450
5 0.310937 0.758347 0.067255 0.106270
5 0.378057 0.750407 0.070245 0.110749
5 0.449389 0.780436 0.072418 0.105252
5 0.524932 0.775346 0.080027 0.115432
5 0.605707 0.774125 0.078533 0.119910
4 0.680027 0.806494 0.074728 0.114210
0 0.492459 0.527077 0.579755 0.306596
1 0.497758 0.727809 0.439266 0.276059
