0 0.512772 0.408184 0.642391 0.332655
2 0.697283 0.737276 0.084511 0.083673
3 0.537228 0.400244 0.125272 0.126629
4 0.255299 0.301405 0.118478 0.114210
5 0.731250 0.402586 0.101087 0.128868
6 0.386685 0.730049 0.092935 0.107492
6 0.536481 0.715900 0.080027 0.099552
6 0.614606 0.731678 0.082201 0.083876
6 0.334579 0.363599 0.052038 0.132329
6 0.415353 0.381107 0.104891 0.126629
6 0.464810 0.732797 0.064946 0.090594
6 0.639130 0.411034 0.078533 0.098534
4 0.778533 0.723840 0.067935 0.095480
1 0.573098 0.674572 0.482880 0.237989
