2 0.281454 0.399837 0.083832 0.113192
4 0.363383 0.414495 0.077038 0.122150
4 0.461889 0.430985 0.116984 0.152687
4 0.581114 0.439943 0.118478 0.132329
3 0.677785 0.456331 0.080842 0.104031
3 0.750543 0.435464 0.067935 0.105049
5 0.305571 0.679153 0.088315 0.135586
5 0.385666 0.709182 0.076223 0.123168
4 0.469022 0.733408 0.087500 0.128868
5 0.549457 0.736360 0.080707 0.132329
6 0.626427 0.734629 0.079212 0.128868
6 0.695856 0.706840 0.080842 0.123371
0 0.512432 0.472109 0.545788 0.264658
1 0.502310 0.657675 0.475543 0.296213
