3 0.303668 0.361462 0.068750 0.104031
3 0.379484 0.364821 0.087500 0.131107
3 0.485938 0.364210 0.126766 0.148208
3 0.612704 0.366450 0.126766 0.148208
3 0.722962 0.382940 0.087500 0.131107
3 0.799592 0.400957 0.068750 0.104031
4 0.344022 0.654927 0.069565 0.109528
3 0.418003 0.667447 0.077038 0.130090
3 0.497622 0.678135 0.080842 0.115228
3 0.572351 0.677524 0.076223 0.132329
3 0.649660 0.695745 0.077038 0.130090
4 0.722283 0.703583 0.069565 0.109528
0 0.553465 0.423656 0.571332 0.269137
1 0.535394 0.627239 0.446060 0.273616
