3 0.242527 0.446865 0.088315 0.123371
4 0.327038 0.473331 0.079348 0.106270
4 0.430095 0.455314 0.126766 0.128868
3 0.553125 0.447374 0.119293 0.126832
3 0.651630 0.483001 0.079348 0.118689
3 0.727853 0.475163 0.073098 0.087134
4 0.286685 0.742569 0.081522 0.119910
3 0.368954 0.751018 0.086005 0.123371
3 0.452785 0.748575 0.086005 0.123371
3 0.533628 0.763233 0.086005 0.123371
3 0.600679 0.782777 0.072554 0.111971
4 0.670856 0.786136 0.063451 0.141490
0 0.481386 0.503359 0.567663 0.256718
1 0.474185 0.726181 0.452174 0.258958
