2 0.271332 0.363090 0.064946 0.109731
2 0.342663 0.373270 0.077717 0.121132
2 0.433899 0.377748 0.103397 0.118689
2 0.543410 0.382431 0.103397 0.118689
3 0.640014 0.412866 0.091440 0.103013
3 0.724524 0.406046 0.076223 0.134568
4 0.284851 0.693302 0.083016 0.118689
3 0.358899 0.706331 0.069429 0.112989
3 0.426427 0.709691 0.067255 0.122150
4 0.492459 0.725468 0.074049 0.124389
4 0.564538 0.743078 0.067120 0.114414
3 0.643478 0.752138 0.095109 0.134568
0 0.503057 0.435464 0.525408 0.254479
1 0.464946 0.676405 0.438587 0.297435
