4 0.249796 0.341002 0.068614 0.108713
4 0.320312 0.371539 0.072418 0.119707
3 0.416984 0.370928 0.126902 0.132329
4 0.535870 0.372761 0.109511 0.122150
3 0.637704 0.390167 0.089810 0.098331
4 0.717391 0.374898 0.064946 0.112989
6 0.268614 0.690452 0.074728 0.133347
6 0.345992 0.700631 0.075408 0.135790
6 0.421128 0.708571 0.071603 0.124389
6 0.495041 0.715900 0.076223 0.118689
6 0.573234 0.713660 0.086141 0.127647
6 0.662364 0.712643 0.086141 0.127647
0 0.486413 0.428033 0.538859 0.282777
1 0.467120 0.643628 0.471739 0.277077
