6 0.288995 0.451853 0.085326 0.135790
6 0.369429 0.478420 0.075543 0.125407
6 0.464538 0.461421 0.117663 0.159406
6 0.586005 0.475570 0.122283 0.133550
5 0.687568 0.493078 0.082201 0.111971
3 0.771739 0.470989 0.081522 0.140269
5 0.326766 0.767406 0.071739 0.108510
6 0.404076 0.782166 0.081522 0.138029
6 0.483832 0.803542 0.074728 0.122150
6 0.552038 0.802423 0.067935 0.119910
6 0.628668 0.797333 0.080707 0.118689
5 0.714402 0.801303 0.087500 0.133550
0 0.530571 0.518526 0.565489 0.289495
1 0.523777 0.736869 0.468750 0.266897
