3 0.259171 0.402077 0.066440 0.106270
5 0.339198 0.411747 0.090625 0.130090
4 0.443750 0.416226 0.109511 0.141490
4 0.563383 0.442793 0.128397 0.151466
3 0.669429 0.445643 0.080707 0.111971
5 0.747215 0.434853 0.079212 0.129072
3 0.335122 0.706840 0.076223 0.143730
4 0.416576 0.727199 0.088315 0.148208
3 0.494361 0.755599 0.067255 0.109731
3 0.565693 0.753766 0.075408 0.119910
5 0.643071 0.751527 0.080707 0.128868
5 0.720041 0.734629 0.077853 0.135790
0 0.508356 0.473331 0.569158 0.253257
1 0.527582 0.687602 0.462772 0.272598
