3 0.276562 0.391897 0.072418 0.108713
4 0.356590 0.419585 0.084647 0.096091
3 0.469090 0.408388 0.137364 0.111971
3 0.601495 0.409914 0.126087 0.119910
3 0.711345 0.433225 0.093614 0.100570
2 0.789878 0.417854 0.066440 0.128868
4 0.313927 0.678033 0.071603 0.128868
5 0.396196 0.699511 0.094293 0.151466
4 0.483424 0.718852 0.081522 0.122150
5 0.569769 0.723840 0.086821 0.139047
5 0.654008 0.715391 0.086005 0.117671
5 0.729823 0.688721 0.076223 0.127850
0 0.533967 0.464271 0.587228 0.251018
1 0.524524 0.656555 0.492799 0.280537
