3 0.285666 0.388538 0.066440 0.115432
3 0.357337 0.386808 0.081522 0.114414
2 0.461481 0.386197 0.128397 0.126629
2 0.584918 0.408897 0.118478 0.140269
2 0.687568 0.432614 0.082201 0.106270
3 0.768682 0.401466 0.077038 0.120928
3 0.354687 0.701242 0.068614 0.109731
3 0.423030 0.696661 0.069429 0.103013
2 0.492867 0.723229 0.070245 0.099552
3 0.559986 0.728929 0.070245 0.106474
3 0.627174 0.740228 0.071739 0.094870
4 0.695856 0.741348 0.068614 0.108510
0 0.528261 0.454601 0.553261 0.270358
1 0.526427 0.666735 0.410734 0.264658
