5 0.252038 0.351181 0.073098 0.122150
4 0.335462 0.353420 0.089130 0.129072
3 0.436209 0.354642 0.111005 0.142508
3 0.553601 0.343852 0.123777 0.120928
6 0.646807 0.382838 0.062636 0.124389
3 0.719293 0.360851 0.085326 0.159406
6 0.294633 0.695033 0.066440 0.106270
6 0.369429 0.687093 0.076902 0.140065
6 0.444158 0.693913 0.076902 0.133347
6 0.516984 0.711319 0.071739 0.132329
4 0.597351 0.744707 0.087636 0.158388
3 0.674321 0.732390 0.067935 0.135790
0 0.488655 0.417345 0.544973 0.283795
1 0.489402 0.667243 0.454348 0.329194
