3 0.273913 0.400957 0.053533 0.095073
3 0.350543 0.386808 0.098098 0.118893
2 0.455842 0.403807 0.109511 0.109731
3 0.569769 0.412866 0.116984 0.132329
4 0.662296 0.455212 0.064810 0.106270
3 0.745313 0.425896 0.098234 0.126629
4 0.304144 0.748168 0.089810 0.117671
5 0.390557 0.744198 0.087636 0.130090
3 0.464538 0.752748 0.061957 0.115432
3 0.529484 0.782064 0.067935 0.079194
4 0.602242 0.784914 0.076223 0.107288
5 0.681929 0.819931 0.084511 0.118689
0 0.522690 0.469361 0.554076 0.290513
1 0.489470 0.730049 0.463451 0.305375
