3 0.298098 0.406657 0.067120 0.095073
4 0.367867 0.398717 0.080027 0.119910
3 0.457337 0.410016 0.101902 0.135586
3 0.567935 0.413375 0.113315 0.140269
3 0.660802 0.462032 0.069429 0.097109
3 0.724932 0.436075 0.061821 0.106270
6 0.277378 0.721600 0.066440 0.116653
4 0.354348 0.757227 0.092120 0.165106
4 0.436209 0.765676 0.080842 0.136808
5 0.511345 0.775855 0.075408 0.118893
4 0.583424 0.780436 0.079348 0.121132
5 0.663791 0.784914 0.083016 0.125611
0 0.511005 0.491450 0.495924 0.309853
1 0.476223 0.703481 0.464130 0.277077
