4 0.273981 0.416226 0.073234 0.107288
3 0.354280 0.412256 0.093614 0.129072
6 0.460394 0.399837 0.116984 0.138029
5 0.578533 0.403807 0.116304 0.145969
4 0.680435 0.446763 0.092120 0.145969
6 0.764946 0.462032 0.075543 0.158184
5 0.338859 0.710301 0.071739 0.118893
6 0.407133 0.699511 0.060462 0.110749
6 0.473573 0.746539 0.071060 0.132329
5 0.543750 0.720480 0.064946 0.111971
4 0.615082 0.727809 0.074728 0.119707
3 0.690625 0.741348 0.077717 0.156148
0 0.518886 0.476181 0.566033 0.302117
1 0.516984 0.688721 0.429620 0.279316
