3 0.315761 0.358612 0.067935 0.109731
4 0.381522 0.386808 0.067935 0.084691
3 0.467120 0.378868 0.104891 0.132329
3 0.572826 0.385688 0.106522 0.125611
6 0.661209 0.392508 0.076223 0.100570
6 0.730978 0.388436 0.070924 0.085912
4 0.356929 0.655945 0.068750 0.096091
5 0.425611 0.663884 0.076223 0.111971
3 0.497690 0.694422 0.067935 0.098534
4 0.567935 0.690452 0.069565 0.099552
5 0.636277 0.684344 0.068750 0.109731
3 0.702310 0.672944 0.064946 0.116653
0 0.523030 0.433836 0.486821 0.264658
1 0.528329 0.624389 0.412908 0.238599
