3 0.297283 0.390778 0.071739 0.119910
5 0.380774 0.397496 0.096603 0.128868
3 0.497690 0.421315 0.135870 0.140269
4 0.630571 0.420704 0.126902 0.141490
4 0.741916 0.439943 0.092799 0.111971
5 0.819633 0.434853 0.070245 0.110749
4 0.358492 0.698392 0.086821 0.119910
4 0.445652 0.717630 0.083152 0.113192
3 0.523438 0.723229 0.072418 0.124389
3 0.595856 0.746539 0.078397 0.107492
4 0.677378 0.747048 0.087636 0.137826
4 0.758152 0.755497 0.069565 0.111971
0 0.559239 0.465900 0.597011 0.272598
1 0.556590 0.680375 0.483016 0.280537
