3 0.305978 0.394748 0.078533 0.107492
2 0.386413 0.394137 0.088315 0.108713
2 0.494293 0.390269 0.126087 0.107492
2 0.621196 0.395257 0.132065 0.115432
2 0.729484 0.427524 0.086141 0.129886
2 0.807201 0.446763 0.064946 0.134568
3 0.398098 0.687093 0.083152 0.113192
4 0.475476 0.689332 0.073234 0.110749
3 0.552106 0.693302 0.080027 0.105252
3 0.631386 0.711930 0.081522 0.101792
3 0.711345 0.730660 0.084647 0.127850
3 0.781182 0.742467 0.052038 0.090391
0 0.551698 0.474450 0.574321 0.275855
1 0.583016 0.666226 0.455978 0.268119
