3 0.338451 0.351181 0.090489 0.099349
2 0.425272 0.378868 0.081522 0.087134
3 0.526834 0.387317 0.116984 0.128868
3 0.646060 0.394748 0.124457 0.141287
3 0.745313 0.452972 0.075408 0.094870
4 0.818139 0.455212 0.073234 0.106270
5 0.379620 0.624898 0.079348 0.124389
4 0.451291 0.657675 0.067255 0.124389
3 0.527989 0.672944 0.081522 0.125611
3 0.606861 0.699511 0.076223 0.131107
4 0.682609 0.723331 0.067935 0.110749
3 0.751019 0.729540 0.065625 0.130090
0 0.574321 0.450224 0.566848 0.297435
1 0.562296 0.636197 0.443071 0.334691
