6 0.340353 0.468750 0.077717 0.119910
4 0.419226 0.471702 0.080027 0.096091
3 0.517391 0.466511 0.122283 0.112989
3 0.629823 0.476690 0.107201 0.115432
4 0.723098 0.514658 0.077717 0.111971
4 0.795177 0.527687 0.066440 0.126629
4 0.387908 0.787154 0.074728 0.105252
6 0.459986 0.782064 0.066440 0.115432
6 0.527582 0.801405 0.071739 0.124389
3 0.600408 0.808632 0.078533 0.120928
4 0.663859 0.806393 0.054348 0.125407
3 0.731386 0.821152 0.082337 0.159406
0 0.565285 0.548555 0.530571 0.290513
1 0.561889 0.769035 0.424321 0.277077
