2 0.273505 0.354031 0.078533 0.118893
2 0.351291 0.346702 0.069429 0.110749
3 0.441508 0.360138 0.109375 0.142508
3 0.549457 0.372150 0.104891 0.143730
4 0.653668 0.374389 0.101902 0.148208
3 0.263791 0.699511 0.083016 0.092834
3 0.346739 0.697781 0.089130 0.093852
4 0.425611 0.700122 0.070245 0.107492
3 0.498098 0.701853 0.071739 0.108510
3 0.566780 0.740228 0.068614 0.126629
4 0.647962 0.770257 0.098098 0.130090
2 0.725679 0.446763 0.040761 0.096295
0 0.490897 0.426405 0.513315 0.277077
1 0.459986 0.677524 0.474049 0.320033
