3 0.336957 0.388029 0.089130 0.152687
4 0.412092 0.427015 0.058152 0.088151
3 0.500815 0.395765 0.122283 0.132329
3 0.616644 0.402687 0.108016 0.152687
3 0.700000 0.471702 0.061957 0.127850
2 0.769158 0.434243 0.088315 0.152687
5 0.344905 0.737378 0.065625 0.127850
4 0.419226 0.737378 0.080027 0.120928
4 0.499253 0.758958 0.084647 0.100570
4 0.580027 0.765167 0.078533 0.112989
4 0.662704 0.777077 0.089810 0.136808
5 0.745652 0.818302 0.077717 0.176507
0 0.553193 0.478420 0.521603 0.328990
1 0.548641 0.737989 0.468750 0.353013
