2 0.267527 0.345582 0.061957 0.115432
2 0.336957 0.352300 0.075543 0.126832
3 0.435122 0.357899 0.126766 0.146987
3 0.563791 0.359019 0.127582 0.144748
3 0.672826 0.385586 0.084511 0.111971
2 0.752853 0.380599 0.075543 0.133347
3 0.291644 0.682003 0.075408 0.114414
4 0.367867 0.691673 0.077038 0.124389
4 0.446467 0.714271 0.081522 0.115432
5 0.524117 0.708062 0.072418 0.100570
5 0.597418 0.711421 0.070924 0.116653
4 0.675543 0.720480 0.088315 0.127850
0 0.512840 0.425896 0.553940 0.269137
1 0.489470 0.650957 0.471060 0.271376
