6 0.254688 0.372048 0.072418 0.134568
6 0.331318 0.389047 0.080842 0.125407
6 0.430163 0.393628 0.121467 0.130090
5 0.552853 0.391897 0.131250 0.155945
3 0.659986 0.414597 0.080027 0.124389
3 0.734783 0.439434 0.064946 0.095073
4 0.278057 0.685362 0.066440 0.114210
6 0.351698 0.702362 0.083832 0.145765
5 0.430978 0.714271 0.071739 0.112989
5 0.504144 0.713660 0.079212 0.114210
5 0.583832 0.716511 0.081522 0.110953
3 0.661889 0.728929 0.076223 0.108510
0 0.493207 0.459792 0.548098 0.312093
1 0.473913 0.646376 0.458152 0.276059
