3 0.291984 0.369910 0.072554 0.136808
3 0.365285 0.390778 0.075408 0.131311
3 0.459239 0.416735 0.121467 0.131107
2 0.579688 0.435973 0.120788 0.112989
2 0.684511 0.441063 0.092120 0.102809
2 0.769905 0.428135 0.083016 0.110749
3 0.341848 0.677423 0.067935 0.114210
5 0.418886 0.716511 0.087500 0.131311
5 0.493954 0.723840 0.062636 0.089373
3 0.561481 0.747659 0.072418 0.118689
3 0.636277 0.744198 0.075543 0.100774
3 0.708832 0.741958 0.075543 0.100774
0 0.533492 0.455212 0.557201 0.309853
1 0.529076 0.668465 0.443750 0.281555
