4 0.326019 0.416124 0.075408 0.091612
5 0.406046 0.436482 0.086005 0.111971
4 0.505299 0.430375 0.107880 0.117671
4 0.610938 0.439434 0.103397 0.124389
5 0.702242 0.472211 0.076223 0.119910
3 0.771332 0.468241 0.067935 0.116450
4 0.327514 0.742467 0.077038 0.106270
4 0.405299 0.761197 0.073913 0.103013
4 0.475815 0.758347 0.064130 0.101792
5 0.542255 0.769646 0.068750 0.115432
4 0.613995 0.784304 0.071739 0.104031
5 0.682269 0.779316 0.066440 0.107492
0 0.546807 0.500509 0.518614 0.271376
1 0.501495 0.705822 0.427989 0.250000
