6 0.324117 0.365839 0.059647 0.101792
4 0.387500 0.385077 0.068750 0.144748
3 0.477378 0.413884 0.109375 0.168567
4 0.588315 0.418567 0.115489 0.152687
5 0.683764 0.393526 0.072418 0.152687
5 0.761957 0.400346 0.082337 0.141490
6 0.331318 0.738599 0.075408 0.123371
5 0.407948 0.770257 0.076223 0.125611
5 0.480367 0.794585 0.065625 0.122150
5 0.551698 0.791124 0.077038 0.126629
5 0.628736 0.804153 0.072418 0.123371
4 0.709851 0.808734 0.082201 0.125611
0 0.549389 0.466002 0.514810 0.315554
1 0.522962 0.714882 0.461957 0.317793
