2 0.253125 0.423656 0.073370 0.122150
3 0.330503 0.442793 0.080027 0.110749
3 0.430910 0.430375 0.117799 0.138029
2 0.550951 0.447883 0.120652 0.136808
2 0.657405 0.466511 0.080027 0.095073
2 0.733628 0.458673 0.072418 0.106270
3 0.286277 0.727199 0.070380 0.123371
3 0.365693 0.748168 0.089810 0.117671
3 0.446399 0.763436 0.067255 0.107492
3 0.518139 0.772496 0.073234 0.118689
3 0.590897 0.784914 0.067935 0.093852
2 0.664946 0.773616 0.078533 0.118893
0 0.493546 0.490839 0.557201 0.270358
1 0.478397 0.694524 0.454620 0.277077
