3 0.268274 0.305375 0.074049 0.111971
3 0.345313 0.331331 0.083016 0.098331
4 0.438451 0.367060 0.104891 0.117671
3 0.549457 0.378868 0.115489 0.145765
4 0.649457 0.402586 0.079891 0.089373
5 0.731318 0.378359 0.083832 0.124389
5 0.325272 0.666226 0.065761 0.098331
6 0.385666 0.671824 0.052038 0.100570
4 0.447486 0.692793 0.073234 0.090391
5 0.513995 0.684853 0.058152 0.092834
5 0.577717 0.690452 0.061957 0.095073
3 0.655503 0.713762 0.088995 0.132329
0 0.506046 0.398616 0.546603 0.305375
1 0.496603 0.645867 0.406793 0.277077
