2 0.324864 0.374898 0.083696 0.128868
3 0.412092 0.364719 0.084511 0.131311
3 0.510598 0.359121 0.112500 0.153909
2 0.623030 0.372659 0.112364 0.160627
2 0.721943 0.395867 0.083832 0.143526
2 0.799253 0.420704 0.072418 0.145969
4 0.386345 0.675183 0.083016 0.123168
4 0.470177 0.688823 0.075408 0.121132
4 0.541508 0.707451 0.068614 0.129072
4 0.610938 0.707451 0.076223 0.131107
4 0.688723 0.724959 0.067120 0.120928
4 0.762636 0.725061 0.077717 0.114210
0 0.558560 0.432105 0.557065 0.313314
1 0.571671 0.653094 0.459647 0.264658
