0 0.530910 0.424165 0.624321 0.287256
1 0.548234 0.639658 0.492935 0.279316
2 0.598505 0.383449 0.138859 0.201344
3 0.715421 0.380599 0.099592 0.188721
4 0.457677 0.368791 0.139538 0.185464
5 0.510462 0.684752 0.088315 0.150448
6 0.421875 0.682512 0.084511 0.139047
5 0.679552 0.701242 0.089810 0.135790
5 0.758084 0.709691 0.073234 0.141287
5 0.592799 0.697781 0.082337 0.156148
5 0.339198 0.692182 0.086821 0.160423
5 0.341848 0.387317 0.095109 0.175285
5 0.805299 0.383347 0.075543 0.167345
5 0.256861 0.373270 0.076223 0.165106
