3 0.289402 0.288986 0.067935 0.124389
2 0.365285 0.299064 0.082201 0.142508
3 0.459986 0.299776 0.105571 0.145969
3 0.570584 0.325122 0.113995 0.153909
4 0.671739 0.365330 0.091304 0.154927
3 0.752106 0.372659 0.069429 0.128868
4 0.342187 0.643526 0.066440 0.139251
4 0.410598 0.670094 0.071739 0.133347
5 0.478872 0.699613 0.066440 0.119910
5 0.547554 0.696152 0.073913 0.147191
6 0.619293 0.697883 0.067935 0.143730
5 0.692867 0.707451 0.076223 0.138029
0 0.521875 0.382329 0.529891 0.311075
1 0.521875 0.627239 0.428804 0.305375
