3 0.250815 0.350061 0.067391 0.108510
2 0.328668 0.353522 0.085326 0.104031
3 0.429823 0.341002 0.116984 0.135586
3 0.543818 0.355151 0.111005 0.127647
4 0.649457 0.390167 0.100272 0.114210
3 0.732812 0.404927 0.066440 0.091612
4 0.319633 0.657064 0.065625 0.114210
3 0.396535 0.673555 0.089810 0.124389
3 0.475068 0.684853 0.070245 0.106270
3 0.547962 0.706942 0.073913 0.118689
3 0.622283 0.713660 0.071739 0.121132
3 0.696196 0.722618 0.071739 0.121132
0 0.494701 0.413375 0.551902 0.294178
1 0.510190 0.639047 0.450000 0.290717
