4 0.479891 0.400957 0.122283 0.182207
5 0.365217 0.394137 0.105707 0.152687
3 0.595109 0.418465 0.118478 0.160627
5 0.699592 0.451751 0.092120 0.173046
5 0.787568 0.451751 0.082201 0.173046
5 0.275408 0.396376 0.090489 0.143730
5 0.463723 0.768017 0.086685 0.140269
5 0.381114 0.758958 0.070924 0.131107
5 0.307812 0.749287 0.083016 0.150448
5 0.538451 0.786034 0.077717 0.131107
5 0.613519 0.791633 0.086005 0.119910
5 0.700747 0.792854 0.083832 0.128868
0 0.527514 0.471600 0.602310 0.355252
1 0.507473 0.713151 0.474728 0.315554
