3 0.314198 0.376120 0.074864 0.108510
3 0.395041 0.401568 0.083832 0.130090
4 0.494701 0.432614 0.115489 0.140065
5 0.608696 0.428033 0.115489 0.119910
5 0.708696 0.425794 0.087500 0.124389
4 0.791712 0.371539 0.084511 0.115228
3 0.318818 0.691572 0.065625 0.106270
6 0.393546 0.717121 0.086821 0.093852
6 0.480367 0.730558 0.086821 0.093852
5 0.556997 0.728929 0.069429 0.097109
5 0.634035 0.736869 0.080027 0.090594
4 0.713247 0.717020 0.078397 0.103013
0 0.555774 0.461421 0.558016 0.317793
1 0.519973 0.661645 0.461957 0.252036
