3 0.303668 0.377138 0.086957 0.115432
3 0.381861 0.404316 0.069429 0.117671
2 0.468682 0.403807 0.104212 0.141490
3 0.569429 0.410627 0.101902 0.127850
3 0.660394 0.395257 0.075408 0.128868
3 0.736209 0.389658 0.073234 0.126629
4 0.328261 0.670094 0.076902 0.119910
3 0.397690 0.699002 0.061957 0.105252
3 0.463383 0.705721 0.074049 0.109731
4 0.535122 0.720379 0.072418 0.109731
3 0.605639 0.718750 0.065625 0.092630
4 0.677785 0.720989 0.083016 0.128868
0 0.516508 0.445643 0.515625 0.261401
1 0.504891 0.661034 0.428804 0.244300
