2 0.262160 0.335301 0.074864 0.113192
2 0.342595 0.337541 0.083016 0.106270
2 0.431726 0.354031 0.093614 0.132329
3 0.537364 0.374389 0.108696 0.132329
2 0.632133 0.360851 0.083832 0.109731
2 0.728736 0.326242 0.103397 0.119910
3 0.302921 0.664495 0.074864 0.138029
3 0.372011 0.718139 0.064946 0.125611
4 0.444497 0.704092 0.074049 0.115432
3 0.518139 0.717630 0.073234 0.131107
4 0.598166 0.719361 0.083832 0.123168
3 0.677378 0.716409 0.077853 0.142508
0 0.502514 0.413986 0.557201 0.304357
1 0.488995 0.646376 0.451630 0.282573
