3 0.289674 0.377239 0.058967 0.101792
4 0.369361 0.389658 0.100408 0.126629
3 0.468274 0.400346 0.100408 0.118689
3 0.568750 0.399226 0.101902 0.111971
4 0.666440 0.402687 0.095109 0.096091
4 0.736617 0.408897 0.049864 0.099552
5 0.320720 0.753257 0.083016 0.141287
6 0.398845 0.765676 0.071603 0.123371
5 0.472826 0.773616 0.070109 0.120928
5 0.539946 0.776975 0.061141 0.105252
5 0.608696 0.774125 0.082337 0.124389
5 0.686073 0.776466 0.071060 0.108713
0 0.511277 0.464271 0.508152 0.280334
1 0.501495 0.704092 0.446196 0.262419
