3 0.259918 0.419585 0.073370 0.123371
4 0.329008 0.438823 0.069429 0.116653
4 0.415829 0.430985 0.105571 0.132329
4 0.523777 0.439943 0.108696 0.120928
4 0.608696 0.438823 0.064130 0.105252
4 0.675883 0.435464 0.067255 0.116450
4 0.257269 0.722720 0.081658 0.118893
5 0.335462 0.713660 0.067120 0.100774
5 0.404484 0.711930 0.067935 0.117671
5 0.468682 0.712541 0.060462 0.116450
5 0.534715 0.714780 0.068614 0.125407
5 0.600340 0.730049 0.062636 0.117671
0 0.467459 0.474959 0.485462 0.250000
1 0.427853 0.679764 0.418207 0.220684
