2 0.249321 0.321254 0.070380 0.132329
2 0.320380 0.365839 0.077717 0.151466
2 0.414334 0.382227 0.110190 0.139047
2 0.523777 0.400448 0.107065 0.136808
2 0.616576 0.415106 0.081522 0.123371
3 0.701902 0.402586 0.092120 0.139047
3 0.281454 0.722720 0.092255 0.152687
3 0.281454 0.722720 0.092255 0.152687
3 0.365285 0.744809 0.077038 0.135790
4 0.435870 0.761808 0.071739 0.126629
4 0.510190 0.796824 0.075543 0.122150
4 0.587160 0.783184 0.080027 0.133550
4 0.668682 0.787154 0.087636 0.123168
0 0.480367 0.429764 0.536821 0.356270
1 0.472758 0.688721 0.479484 0.315554
