3 0.309307 0.293465 0.078668 0.131311
3 0.386821 0.328583 0.074728 0.138029
3 0.479280 0.346702 0.110190 0.142508
2 0.590965 0.359121 0.105571 0.117671
3 0.687568 0.355049 0.087636 0.111971
3 0.769837 0.342732 0.073913 0.121132
3 0.366780 0.652077 0.074049 0.117671
3 0.435802 0.665004 0.062636 0.114210
3 0.504144 0.696661 0.069429 0.127850
3 0.578465 0.701242 0.073234 0.114210
3 0.647147 0.705110 0.061141 0.099552
3 0.718139 0.699613 0.077853 0.119910
0 0.539538 0.381718 0.537500 0.316775
1 0.545652 0.620928 0.427174 0.279316
