3 0.286753 0.438314 0.081658 0.097313
4 0.363791 0.437704 0.066440 0.103013
3 0.455842 0.432105 0.116304 0.139047
3 0.571739 0.453481 0.115489 0.134568
4 0.661549 0.486971 0.067120 0.101792
4 0.740829 0.473331 0.092799 0.131107
4 0.311957 0.765676 0.080978 0.071254
3 0.384511 0.763945 0.068750 0.088151
4 0.459239 0.749287 0.080707 0.115432
4 0.536957 0.756718 0.071739 0.111971
4 0.620041 0.774125 0.092799 0.099552
4 0.701155 0.805884 0.058832 0.070236
0 0.519565 0.503359 0.553533 0.292956
1 0.498370 0.710200 0.470380 0.256718
