3 0.272351 0.337643 0.087636 0.128868
4 0.365625 0.352300 0.104891 0.137826
4 0.475408 0.344971 0.122283 0.150448
3 0.596196 0.370928 0.119293 0.152687
3 0.701155 0.392406 0.086005 0.134568
3 0.771739 0.421926 0.049185 0.105252
4 0.288247 0.722720 0.078668 0.109528
4 0.370584 0.723840 0.086005 0.116653
4 0.445652 0.752239 0.064130 0.127850
4 0.522622 0.758958 0.086821 0.132329
4 0.598505 0.771987 0.070924 0.115228
5 0.673234 0.783286 0.076902 0.108510
0 0.511617 0.462032 0.563179 0.398005
1 0.479959 0.678033 0.468071 0.323493
