3 0.301019 0.356270 0.087636 0.129886
3 0.390217 0.377850 0.092120 0.111971
3 0.491304 0.374898 0.116304 0.135790
4 0.608288 0.390167 0.122283 0.121132
4 0.720448 0.403196 0.103397 0.106474
4 0.806454 0.406046 0.064266 0.098331
4 0.329755 0.716511 0.089130 0.128868
3 0.416644 0.730049 0.080027 0.115228
4 0.493207 0.727809 0.070109 0.113192
3 0.560734 0.728929 0.064946 0.106474
4 0.634715 0.750407 0.080027 0.129072
5 0.721875 0.780436 0.091304 0.130090
0 0.549796 0.438823 0.580571 0.299878
1 0.529823 0.691572 0.483016 0.316775
