5 0.287840 0.423046 0.068886 0.120928
5 0.372011 0.420806 0.095109 0.107492
4 0.485666 0.419686 0.133560 0.150448
4 0.619226 0.428644 0.133560 0.170806
4 0.727582 0.488599 0.081522 0.150244
6 0.811345 0.489719 0.083016 0.159406
5 0.361141 0.761706 0.088315 0.144748
4 0.449796 0.760077 0.090625 0.143526
3 0.533967 0.756107 0.079348 0.122150
3 0.610190 0.778196 0.077717 0.125611
4 0.687976 0.796213 0.080842 0.159609
4 0.766440 0.839780 0.071739 0.153909
0 0.553872 0.510688 0.605571 0.339373
1 0.559239 0.736869 0.478533 0.359731
