3 0.273505 0.467223 0.062772 0.127850
4 0.344497 0.463253 0.071603 0.115432
2 0.433220 0.453685 0.107201 0.134568
2 0.552106 0.451344 0.121603 0.132329
4 0.654348 0.463762 0.081522 0.120928
3 0.738519 0.475061 0.085190 0.109731
5 0.339606 0.777586 0.064810 0.099552
3 0.404891 0.773717 0.068750 0.121132
3 0.470245 0.743180 0.067935 0.125611
3 0.542255 0.770358 0.071739 0.127850
5 0.615489 0.773107 0.076359 0.131311
4 0.692459 0.791226 0.079212 0.128868
0 0.511209 0.507940 0.536821 0.247557
1 0.521535 0.731270 0.427310 0.253257
