3 0.297622 0.360851 0.064266 0.105252
3 0.362296 0.394239 0.066440 0.092630
3 0.454688 0.385790 0.119973 0.123371
3 0.572894 0.404927 0.107201 0.111971
3 0.658899 0.424165 0.063451 0.073493
3 0.733967 0.412866 0.082337 0.103013
4 0.340761 0.674165 0.064130 0.084894
4 0.409375 0.702972 0.074728 0.110749
3 0.476970 0.679255 0.061821 0.095073
3 0.542255 0.721600 0.067120 0.109731
5 0.618478 0.721600 0.080707 0.109731
4 0.695856 0.735749 0.061821 0.106270
0 0.518750 0.441266 0.511141 0.256718
1 0.516984 0.660016 0.419565 0.264658
