3 0.311617 0.322374 0.066440 0.125611
3 0.385258 0.343852 0.082201 0.116450
3 0.481182 0.365941 0.107745 0.128868
3 0.589198 0.369198 0.107745 0.128868
3 0.689470 0.399430 0.082201 0.116450
4 0.772894 0.401466 0.086005 0.152687
4 0.357337 0.700733 0.079348 0.142508
6 0.439198 0.726690 0.086005 0.124389
5 0.517731 0.730049 0.074049 0.129072
5 0.593614 0.754377 0.079348 0.134568
5 0.663383 0.763436 0.063451 0.109528
5 0.737024 0.778196 0.083832 0.125611
0 0.548302 0.428135 0.538179 0.334691
1 0.550883 0.669686 0.460462 0.351588
