3 0.337704 0.462032 0.071603 0.119910
2 0.416168 0.446152 0.088315 0.112989
2 0.516984 0.456331 0.113315 0.135790
2 0.621196 0.473331 0.092120 0.140065
2 0.709851 0.486869 0.085190 0.112989
2 0.788383 0.495419 0.079212 0.130090
3 0.380774 0.746437 0.073234 0.121132
3 0.450951 0.753766 0.065761 0.104031
3 0.520041 0.762928 0.069429 0.104031
3 0.588315 0.771376 0.062772 0.111971
3 0.651698 0.785016 0.067255 0.111971
3 0.723030 0.811584 0.075408 0.119910
0 0.565693 0.526568 0.527582 0.282777
1 0.550951 0.726181 0.415217 0.295195
