3 0.311957 0.427524 0.080978 0.103013
4 0.393207 0.425285 0.081522 0.120928
3 0.490897 0.434344 0.112500 0.139047
3 0.599592 0.434344 0.112500 0.139047
4 0.697418 0.455822 0.081522 0.120928
3 0.782269 0.456840 0.080842 0.103013
4 0.349796 0.736258 0.085190 0.123168
5 0.431318 0.754377 0.077853 0.125611
5 0.505707 0.758958 0.067935 0.132329
4 0.575543 0.773107 0.074728 0.104031
4 0.657745 0.787765 0.080707 0.115432
4 0.739674 0.806901 0.084511 0.124389
0 0.546399 0.502647 0.554212 0.285016
1 0.546399 0.714271 0.474049 0.314536
