4 0.236821 0.431596 0.063315 0.097313
3 0.316508 0.435464 0.097418 0.111971
4 0.429416 0.415717 0.126766 0.138029
3 0.556590 0.420195 0.122962 0.142508
4 0.669837 0.437296 0.100272 0.122150
3 0.754008 0.429967 0.064810 0.132329
5 0.288519 0.697374 0.074864 0.106474
5 0.362568 0.700224 0.073234 0.102809
4 0.440014 0.724552 0.080027 0.117671
4 0.520788 0.730761 0.075543 0.105252
4 0.603397 0.742569 0.091304 0.119910
4 0.695516 0.742671 0.085326 0.117671
0 0.497283 0.474043 0.582880 0.256718
1 0.495380 0.681494 0.489946 0.242060
