3 0.363043 0.393017 0.084511 0.126832
3 0.449049 0.376018 0.096739 0.117671
3 0.550951 0.381718 0.110326 0.126629
3 0.662704 0.400957 0.113179 0.133347
4 0.758899 0.425285 0.077853 0.123371
4 0.840761 0.411136 0.084511 0.153705
5 0.408628 0.718241 0.076223 0.127850
5 0.484851 0.710810 0.076223 0.119910
5 0.556590 0.720989 0.067255 0.099552
5 0.626766 0.736258 0.074728 0.109731
5 0.693954 0.747557 0.059647 0.100570
3 0.761549 0.768526 0.067935 0.135586
0 0.600340 0.456433 0.565353 0.285016
1 0.584171 0.691063 0.427310 0.299878
