3 0.326766 0.393017 0.073913 0.115432
3 0.412432 0.391897 0.095788 0.104235
3 0.518478 0.378359 0.113315 0.128868
3 0.636209 0.385688 0.123777 0.130090
3 0.747215 0.400448 0.104212 0.111971
3 0.841916 0.388538 0.079212 0.135790
2 0.383016 0.726181 0.080707 0.116450
3 0.463043 0.722211 0.082337 0.140269
4 0.537364 0.725061 0.064946 0.109731
4 0.611345 0.735240 0.084647 0.114210
3 0.683832 0.723840 0.057337 0.105252
3 0.756250 0.740839 0.090489 0.136808
0 0.586753 0.449002 0.592527 0.283998
1 0.572486 0.678033 0.464266 0.262419
