3 0.309715 0.405436 0.086821 0.119910
3 0.395448 0.409507 0.086005 0.114210
2 0.492867 0.409406 0.113179 0.139251
2 0.606861 0.403705 0.113179 0.139251
3 0.704959 0.411747 0.086005 0.114210
3 0.788315 0.446152 0.086685 0.119910
3 0.334307 0.736360 0.069429 0.096091
4 0.406454 0.732390 0.089810 0.128868
4 0.487568 0.745318 0.077038 0.125407
5 0.561141 0.745928 0.068750 0.135586
5 0.636617 0.765676 0.083832 0.143730
5 0.710598 0.791124 0.067120 0.133550
0 0.547894 0.481270 0.564810 0.309853
1 0.521875 0.707960 0.449185 0.301914
