5 0.251970 0.432716 0.066440 0.090594
6 0.327582 0.441164 0.081522 0.105049
6 0.420720 0.446356 0.100408 0.124389
6 0.528668 0.448595 0.115489 0.135790
5 0.629416 0.465493 0.083016 0.112989
3 0.703804 0.463864 0.062772 0.118689
5 0.265897 0.736360 0.076359 0.103013
5 0.340014 0.751730 0.070245 0.104031
5 0.411277 0.761299 0.064946 0.102809
5 0.479212 0.755802 0.064946 0.102809
5 0.544837 0.771682 0.064946 0.102809
5 0.612772 0.769442 0.064946 0.102809
0 0.479144 0.514149 0.513451 0.253461
1 0.439946 0.697883 0.428804 0.250000
