5 0.251563 0.400957 0.077853 0.119910
5 0.334307 0.388029 0.093614 0.123371
3 0.439606 0.391490 0.121603 0.132329
2 0.557745 0.394849 0.119293 0.139047
4 0.660734 0.411747 0.085326 0.139047
3 0.743818 0.445134 0.080842 0.115432
3 0.277242 0.710912 0.067255 0.117671
4 0.349389 0.710912 0.074049 0.133550
2 0.429008 0.723941 0.089810 0.134772
3 0.513995 0.732390 0.073913 0.131311
3 0.589878 0.724552 0.076223 0.133550
3 0.659647 0.747659 0.063315 0.141490
0 0.498098 0.474552 0.572283 0.302932
1 0.468546 0.672435 0.448505 0.289495
