3 0.224389 0.455314 0.070245 0.106474
4 0.303329 0.455314 0.092255 0.119910
3 0.412092 0.454194 0.122283 0.126629
3 0.535054 0.462134 0.125272 0.122150
3 0.643750 0.471702 0.092120 0.100570
3 0.721128 0.479642 0.062636 0.100570
5 0.251563 0.754479 0.080842 0.136808
3 0.331250 0.778196 0.078533 0.123168
3 0.409035 0.790106 0.078397 0.113192
3 0.486413 0.794076 0.077717 0.121132
4 0.562296 0.798046 0.074049 0.108713
4 0.641916 0.788986 0.082201 0.128868
0 0.472351 0.515879 0.564810 0.250000
1 0.447418 0.726181 0.474185 0.263436
