2 0.254620 0.421315 0.068750 0.119910
2 0.338859 0.426507 0.102717 0.116450
2 0.443071 0.421824 0.102717 0.116450
2 0.563179 0.428542 0.102717 0.116450
2 0.656318 0.435973 0.068614 0.119910
2 0.726562 0.436991 0.068614 0.119910
3 0.308967 0.714882 0.077989 0.114210
3 0.383424 0.698493 0.064946 0.115228
3 0.455095 0.728522 0.077038 0.114210
2 0.524932 0.712643 0.056658 0.107288
3 0.590217 0.735851 0.076902 0.115432
2 0.662296 0.750611 0.064266 0.122150
0 0.490489 0.492671 0.542120 0.264658
1 0.483696 0.681494 0.422826 0.262419
