2 0.245584 0.460403 0.074864 0.130090
2 0.318750 0.446763 0.074728 0.130090
3 0.413179 0.436584 0.112500 0.150448
3 0.526359 0.436584 0.112500 0.150448
3 0.638859 0.452463 0.112500 0.150448
3 0.638859 0.452463 0.112500 0.150448
3 0.733628 0.490432 0.074049 0.174267
4 0.288587 0.735240 0.056793 0.075936
4 0.356590 0.723432 0.079212 0.095073
3 0.430910 0.716002 0.072418 0.087134
3 0.504959 0.724450 0.080027 0.074715
3 0.581182 0.747761 0.066440 0.075733
3 0.656250 0.783897 0.083696 0.082451
0 0.490829 0.516999 0.566984 0.322272
1 0.473505 0.709792 0.450815 0.230660
