3 0.254280 0.430375 0.078668 0.085912
3 0.323370 0.462134 0.067120 0.094870
3 0.412024 0.459283 0.110190 0.123371
3 0.524185 0.479642 0.112500 0.105049
4 0.615082 0.492060 0.064946 0.084691
4 0.687908 0.467223 0.077717 0.103013
4 0.293139 0.733612 0.064266 0.124389
3 0.361821 0.751120 0.077717 0.121132
3 0.433560 0.766388 0.068750 0.110953
5 0.501902 0.770867 0.060326 0.115432
5 0.569837 0.772598 0.070924 0.127850
5 0.639606 0.762928 0.070245 0.112989
0 0.472418 0.516388 0.514946 0.259976
1 0.465965 0.707553 0.411549 0.262419
