3 0.230774 0.427524 0.063451 0.111971
4 0.302921 0.398208 0.074864 0.123371
3 0.398098 0.410016 0.115489 0.126629
3 0.517391 0.411747 0.121467 0.141490
3 0.616304 0.426507 0.074728 0.125407
4 0.692527 0.430985 0.074728 0.125407
4 0.269361 0.702972 0.057473 0.092834
4 0.335462 0.707553 0.077717 0.108510
4 0.408288 0.704194 0.067935 0.113192
3 0.477717 0.719463 0.064946 0.096091
4 0.547894 0.720480 0.063451 0.116450
5 0.615829 0.755599 0.069429 0.123168
0 0.467120 0.463253 0.534511 0.266897
1 0.444837 0.688416 0.411413 0.266897
