3 0.255774 0.434955 0.071060 0.092630
3 0.336957 0.437195 0.092935 0.128868
6 0.446399 0.438925 0.122962 0.134772
4 0.566440 0.445134 0.118478 0.135790
3 0.671739 0.459894 0.089130 0.110749
3 0.750272 0.453074 0.064946 0.108510
5 0.299524 0.713253 0.072690 0.104031
6 0.377717 0.722211 0.088315 0.112989
6 0.460326 0.742569 0.078533 0.108510
6 0.541508 0.746030 0.080842 0.110953
5 0.622283 0.741551 0.079348 0.099552
5 0.693614 0.736462 0.066304 0.109731
0 0.501427 0.494910 0.561005 0.246743
1 0.494226 0.685464 0.465082 0.238599
