3 0.258016 0.392610 0.077174 0.130090
4 0.339606 0.407268 0.087636 0.116653
3 0.444497 0.401669 0.120788 0.148208
4 0.568342 0.408388 0.119293 0.145765
3 0.669090 0.420806 0.077853 0.118893
2 0.748302 0.419686 0.079212 0.123168
5 0.284783 0.800285 0.086957 0.122150
4 0.357337 0.771987 0.077717 0.117671
3 0.432405 0.762317 0.077038 0.134568
4 0.510530 0.769748 0.076223 0.108713
4 0.590217 0.773107 0.075543 0.115432
4 0.670924 0.768119 0.084511 0.107492
0 0.505978 0.470582 0.571467 0.286034
1 0.475408 0.721091 0.472554 0.291938
