3 0.246332 0.421926 0.065761 0.100774
3 0.323030 0.423147 0.083016 0.114210
2 0.420041 0.429662 0.108016 0.130090
2 0.528668 0.444015 0.110870 0.126629
2 0.626427 0.464882 0.088995 0.114210
2 0.703397 0.485851 0.060326 0.099552
3 0.278329 0.760688 0.081658 0.104031
3 0.358084 0.778298 0.073234 0.087134
3 0.426766 0.783286 0.071739 0.112989
3 0.498913 0.798555 0.067935 0.100774
3 0.568682 0.801405 0.068614 0.106474
4 0.649864 0.829601 0.092120 0.122150
0 0.474253 0.504479 0.523234 0.295195
1 0.467799 0.732390 0.460598 0.323493
