5 0.231861 0.427626 0.070245 0.118689
5 0.316508 0.421926 0.096060 0.109731
5 0.432812 0.416327 0.125951 0.141287
4 0.556997 0.450733 0.120788 0.142508
4 0.663791 0.471702 0.089810 0.143730
3 0.746060 0.501730 0.070109 0.140269
5 0.268954 0.744910 0.094429 0.138029
5 0.353940 0.748779 0.075543 0.116450
4 0.433220 0.750000 0.090625 0.111971
4 0.518139 0.780537 0.076223 0.132329
4 0.593954 0.778705 0.074049 0.142508
5 0.673641 0.790106 0.077717 0.140065
0 0.489334 0.512419 0.583560 0.342834
1 0.467120 0.711014 0.490761 0.307614
