3 0.265557 0.403807 0.065082 0.114210
3 0.336957 0.419076 0.079348 0.104031
3 0.437024 0.407777 0.134375 0.131107
6 0.570584 0.407268 0.134375 0.125611
5 0.683424 0.449104 0.088315 0.114414
3 0.764198 0.438314 0.073234 0.110749
4 0.282133 0.737480 0.081658 0.114210
4 0.362976 0.739719 0.080027 0.105252
4 0.441848 0.743180 0.080707 0.107288
6 0.521196 0.761197 0.074728 0.111971
5 0.598913 0.783897 0.082337 0.107288
4 0.679620 0.787866 0.082337 0.110749
0 0.517255 0.481270 0.568478 0.280537
1 0.480707 0.699613 0.483152 0.289699
