3 0.279891 0.403909 0.086141 0.107492
2 0.363383 0.397089 0.083832 0.098331
4 0.462228 0.390269 0.115489 0.107492
3 0.575476 0.403909 0.112364 0.107492
3 0.670584 0.402789 0.079212 0.098331
3 0.743818 0.412968 0.065625 0.089373
5 0.331997 0.685464 0.080027 0.111971
6 0.415082 0.710912 0.084511 0.122150
4 0.493954 0.714373 0.073234 0.090391
3 0.566440 0.708164 0.074728 0.105252
6 0.641508 0.718852 0.072418 0.108713
6 0.708696 0.724450 0.061957 0.108510
0 0.507133 0.447985 0.543614 0.227402
1 0.515829 0.658286 0.447690 0.240839
