3 0.279552 0.371539 0.090625 0.110749
5 0.372826 0.356779 0.094293 0.119910
4 0.483356 0.344463 0.126766 0.142508
4 0.610190 0.361360 0.129891 0.178746
4 0.715082 0.394137 0.078533 0.135586
4 0.791712 0.399328 0.068750 0.134568
6 0.342935 0.710810 0.081522 0.131311
6 0.415489 0.693913 0.061957 0.133347
6 0.490557 0.732899 0.086821 0.120928
6 0.560054 0.684243 0.058152 0.123371
5 0.626427 0.704092 0.071603 0.133347
5 0.701562 0.732899 0.072418 0.139251
0 0.532133 0.431494 0.603125 0.323493
1 0.519293 0.656555 0.438587 0.291938
