2 0.216780 0.357288 0.070788 0.118893
3 0.292187 0.373982 0.083016 0.107085
3 0.400543 0.346091 0.127989 0.141287
3 0.530027 0.340798 0.127989 0.141287
3 0.636073 0.385790 0.083016 0.107085
2 0.712976 0.376629 0.070788 0.118893
4 0.259307 0.708265 0.058560 0.105049
4 0.332948 0.724349 0.088723 0.128664
4 0.411957 0.697577 0.069293 0.117875
3 0.492799 0.722211 0.089402 0.143526
4 0.573981 0.732390 0.072962 0.131718
4 0.650815 0.753766 0.082337 0.140269
0 0.464946 0.422842 0.571467 0.300081
1 0.459579 0.682105 0.469158 0.287256
