3 0.275000 0.308327 0.064402 0.099552
3 0.336549 0.319116 0.061957 0.093852
4 0.422215 0.335505 0.106386 0.138029
2 0.531318 0.348534 0.113179 0.111971
2 0.632133 0.365432 0.089810 0.082655
2 0.718478 0.356983 0.081522 0.088151
3 0.333560 0.683836 0.066304 0.090391
4 0.401495 0.675387 0.061957 0.093852
4 0.466033 0.667345 0.059511 0.096091
4 0.535870 0.689434 0.078533 0.097109
5 0.611345 0.708062 0.074049 0.100570
5 0.682337 0.713253 0.070924 0.108510
0 0.501427 0.391999 0.520245 0.269340
1 0.509443 0.637419 0.419701 0.269137
