6 0.229008 0.419076 0.078397 0.135790
5 0.317323 0.420704 0.096603 0.150448
4 0.435802 0.430884 0.137364 0.166327
4 0.578125 0.441572 0.142663 0.162866
6 0.702649 0.466511 0.103397 0.135790
6 0.789878 0.494300 0.069429 0.152687
6 0.321535 0.757736 0.103397 0.096091
5 0.412772 0.762317 0.077717 0.105252
4 0.497418 0.767406 0.088315 0.119910
3 0.585666 0.788884 0.083832 0.113192
3 0.665693 0.799572 0.076223 0.098331
3 0.739334 0.805884 0.069429 0.112989
0 0.508696 0.494300 0.637772 0.306596
1 0.524524 0.731779 0.506386 0.261197
