2 0.216440 0.415717 0.070924 0.129072
3 0.289742 0.423656 0.075679 0.113192
3 0.394701 0.413477 0.132880 0.138029
3 0.526087 0.411747 0.132880 0.134568
4 0.631318 0.447374 0.076223 0.112989
3 0.699660 0.454194 0.064810 0.155945
3 0.253533 0.757329 0.066576 0.113192
5 0.330910 0.773208 0.085190 0.117671
4 0.407133 0.761197 0.070245 0.111971
3 0.485666 0.773717 0.082201 0.130090
4 0.567187 0.773107 0.080842 0.110953
4 0.648709 0.806494 0.079212 0.137011
0 0.456861 0.485953 0.550408 0.285016
1 0.454280 0.734121 0.468071 0.283795
