3 0.282880 0.366551 0.069565 0.096295
3 0.357677 0.385179 0.080027 0.092834
3 0.452785 0.382940 0.110190 0.110749
3 0.562296 0.383958 0.110190 0.110749
3 0.657269 0.387419 0.080027 0.092834
3 0.734375 0.401059 0.069565 0.081433
4 0.311957 0.641999 0.073370 0.099552
4 0.383016 0.659406 0.071739 0.096091
4 0.458424 0.667345 0.071739 0.096091
4 0.528668 0.671824 0.071739 0.096091
4 0.598098 0.682003 0.071739 0.096091
4 0.671264 0.691877 0.073234 0.099552
0 0.510530 0.434344 0.523234 0.236360
1 0.492052 0.617060 0.431929 0.253257
