3 0.230027 0.425387 0.072554 0.125611
5 0.309715 0.434955 0.088451 0.112989
4 0.411277 0.422537 0.122283 0.151669
4 0.530231 0.428135 0.119973 0.142508
4 0.641508 0.453074 0.099592 0.140269
4 0.726834 0.471091 0.072418 0.146987
5 0.292731 0.701344 0.075679 0.096091
5 0.371671 0.685464 0.082201 0.118893
5 0.444497 0.696254 0.066440 0.106270
5 0.515489 0.715391 0.075543 0.117671
5 0.590217 0.734731 0.072554 0.113192
5 0.668342 0.760179 0.088315 0.107492
0 0.479212 0.498880 0.566304 0.310871
1 0.483356 0.695643 0.461277 0.247557
