4 0.215761 0.429153 0.074728 0.122150
3 0.298438 0.425896 0.088995 0.122150
2 0.404552 0.432614 0.119973 0.153909
2 0.529076 0.436584 0.132065 0.168363
3 0.640014 0.448392 0.089810 0.149226
3 0.730231 0.453481 0.086005 0.139047
5 0.273166 0.791124 0.082201 0.138029
4 0.351698 0.800183 0.070245 0.119910
3 0.427514 0.798453 0.080027 0.136808
3 0.507948 0.805884 0.076223 0.131311
3 0.587908 0.817182 0.085326 0.129072
4 0.678125 0.821661 0.101087 0.131107
0 0.476630 0.508958 0.597826 0.311075
1 0.480367 0.737989 0.493614 0.298453
