2 0.230163 0.421315 0.088315 0.126832
3 0.319158 0.435362 0.088315 0.109731
2 0.414674 0.446763 0.105707 0.145969
2 0.524932 0.462643 0.117799 0.134568
2 0.633628 0.460301 0.099592 0.145765
2 0.724592 0.467121 0.080707 0.125611
3 0.271671 0.723840 0.083832 0.141490
3 0.353193 0.742467 0.083832 0.133550
3 0.433899 0.754377 0.076223 0.123168
3 0.513587 0.768017 0.081522 0.130090
3 0.592799 0.774735 0.070924 0.127647
3 0.668342 0.771885 0.078533 0.128868
0 0.476970 0.490839 0.578940 0.274837
1 0.469769 0.697272 0.477038 0.271580
