3 0.196399 0.420094 0.099321 0.123575
3 0.284715 0.415411 0.085734 0.120725
3 0.386549 0.409914 0.120109 0.106474
3 0.507812 0.411543 0.130571 0.115839
3 0.611277 0.418465 0.086685 0.126832
3 0.698030 0.433428 0.088723 0.140879
4 0.253329 0.722313 0.089810 0.101792
4 0.332745 0.717630 0.079348 0.111156
3 0.408016 0.712134 0.079348 0.112785
3 0.482201 0.708978 0.071196 0.115839
3 0.555367 0.712948 0.073234 0.098534
3 0.631114 0.730151 0.074185 0.108103
0 0.444022 0.485138 0.596739 0.263029
1 0.436277 0.671417 0.461957 0.241042
