3 0.238859 0.428135 0.075543 0.101792
4 0.319565 0.425285 0.084511 0.107492
3 0.418818 0.434344 0.111005 0.130090
3 0.532813 0.437805 0.111005 0.130090
3 0.628736 0.447883 0.083832 0.107492
3 0.706861 0.450224 0.069429 0.114210
4 0.271603 0.742569 0.074728 0.140269
4 0.348234 0.759467 0.078533 0.131311
4 0.421875 0.765167 0.067120 0.115432
3 0.489810 0.782064 0.067120 0.110953
4 0.562296 0.776975 0.080842 0.123168
4 0.638927 0.805273 0.072418 0.123168
0 0.470924 0.493180 0.541304 0.261197
1 0.455503 0.718241 0.443886 0.304153
