3 0.245992 0.451344 0.087908 0.142508
3 0.327514 0.438823 0.079484 0.126832
3 0.422079 0.417752 0.113995 0.128257
3 0.536005 0.422435 0.116033 0.131515
3 0.634239 0.434955 0.082609 0.147191
3 0.720992 0.439638 0.090897 0.159813
3 0.310258 0.708265 0.069973 0.105049
2 0.379212 0.712134 0.074185 0.112785
2 0.444565 0.712134 0.075272 0.125407
2 0.516168 0.720073 0.072011 0.122150
2 0.586209 0.728624 0.063723 0.107899
2 0.655163 0.734833 0.076359 0.117467
0 0.480095 0.470989 0.566440 0.288070
1 0.484307 0.687907 0.426495 0.233306
