3 0.276562 0.350570 0.063451 0.123371
4 0.348302 0.383958 0.080027 0.110749
3 0.448302 0.385179 0.116984 0.138029
3 0.569090 0.388538 0.122962 0.124389
4 0.671739 0.398616 0.079348 0.106270
5 0.740014 0.393017 0.058832 0.117467
4 0.323370 0.685973 0.061957 0.108510
4 0.387568 0.699613 0.066440 0.119910
4 0.459986 0.705110 0.072418 0.124389
4 0.534715 0.703990 0.075408 0.122150
5 0.610190 0.731169 0.076902 0.124389
4 0.685326 0.730049 0.070109 0.126629
0 0.507948 0.431494 0.527582 0.287256
1 0.505231 0.670704 0.436277 0.247761
