3 0.203736 0.352911 0.076223 0.121132
4 0.284851 0.378868 0.086005 0.136808
5 0.385258 0.385688 0.113179 0.159406
4 0.501155 0.402687 0.116984 0.148208
5 0.598845 0.411645 0.080027 0.132329
4 0.686413 0.418465 0.089130 0.150448
5 0.256590 0.720379 0.100408 0.134568
5 0.343750 0.726181 0.070924 0.116450
4 0.411345 0.728318 0.065625 0.130090
5 0.484171 0.734019 0.074049 0.127647
4 0.554348 0.744809 0.066304 0.124389
4 0.633220 0.761808 0.091440 0.126629
0 0.448302 0.443302 0.565353 0.308836
1 0.444905 0.692793 0.471060 0.264658
