3 0.274321 0.423555 0.089130 0.128868
4 0.358492 0.451344 0.079212 0.127850
2 0.450951 0.438314 0.104076 0.146987
2 0.556250 0.459182 0.101902 0.143526
4 0.638927 0.473840 0.058832 0.118689
2 0.703057 0.447883 0.075408 0.150244
3 0.311617 0.776466 0.076223 0.138029
4 0.390149 0.778705 0.082201 0.138029
3 0.462976 0.783795 0.063451 0.116450
4 0.529416 0.786034 0.069429 0.120928
4 0.598505 0.793363 0.071739 0.131107
4 0.670992 0.805273 0.073234 0.121132
0 0.485666 0.502647 0.513179 0.285016
1 0.495109 0.735138 0.427989 0.263436
