2 0.254416 0.445949 0.071060 0.137826
3 0.329076 0.449104 0.082609 0.140879
3 0.427853 0.449002 0.117120 0.137826
2 0.539198 0.451344 0.111821 0.142508
3 0.640014 0.456942 0.098234 0.150448
2 0.717867 0.456128 0.059647 0.154927
3 0.295109 0.809243 0.085598 0.144137
3 0.379280 0.805273 0.084647 0.136197
3 0.451834 0.806189 0.071060 0.131515
3 0.522418 0.799064 0.076359 0.123779
3 0.598777 0.796722 0.082609 0.125204
3 0.675543 0.805375 0.073098 0.129886
0 0.482201 0.517203 0.533152 0.292956
1 0.481658 0.746539 0.469293 0.275651
