2 0.215421 0.401568 0.074049 0.118689
4 0.293954 0.419585 0.086005 0.120928
3 0.396943 0.426914 0.121603 0.151466
3 0.522690 0.429255 0.125272 0.153705
3 0.623030 0.446152 0.078397 0.131311
2 0.699321 0.434243 0.070924 0.127850
3 0.242255 0.709182 0.077717 0.123168
5 0.319633 0.723229 0.077038 0.115432
5 0.396196 0.733408 0.074728 0.104031
4 0.471671 0.752748 0.076223 0.108510
5 0.553601 0.754377 0.084647 0.123168
5 0.634783 0.765167 0.074728 0.115432
0 0.457745 0.480049 0.557065 0.285016
1 0.436617 0.688823 0.471060 0.268119
