5 0.317595 0.439638 0.090897 0.125204
5 0.401766 0.442081 0.087772 0.126832
5 0.506250 0.456840 0.129620 0.140879
4 0.626970 0.459283 0.113995 0.123779
3 0.726223 0.459996 0.088859 0.125204
4 0.806182 0.450631 0.068886 0.112581
5 0.358356 0.789699 0.099321 0.133143
5 0.442459 0.787256 0.071060 0.131515
5 0.513519 0.788884 0.071060 0.134772
5 0.585666 0.791327 0.077310 0.133143
5 0.662432 0.795195 0.078397 0.131515
5 0.738791 0.793567 0.078397 0.134772
0 0.554823 0.510993 0.573777 0.283388
1 0.543342 0.733306 0.473370 0.267915
