3 0.150340 0.360647 0.090897 0.117467
4 0.243886 0.348025 0.102446 0.108103
5 0.357269 0.355965 0.124321 0.136197
5 0.480095 0.352708 0.127582 0.136197
5 0.590897 0.347313 0.094022 0.122150
4 0.679212 0.352708 0.082609 0.126832
4 0.231386 0.633042 0.083696 0.130090
5 0.317595 0.640879 0.093071 0.133143
5 0.405910 0.643221 0.085734 0.137826
5 0.491576 0.650244 0.087772 0.142508
5 0.577310 0.656555 0.079348 0.139251
4 0.657813 0.658082 0.083560 0.139454
0 0.410598 0.398921 0.619837 0.228624
1 0.446128 0.597109 0.513179 0.277280
