5 0.234511 0.381006 0.081522 0.117467
4 0.310326 0.388844 0.074185 0.133143
3 0.408492 0.402178 0.118071 0.137826
3 0.524049 0.411543 0.114946 0.128461
5 0.626970 0.409914 0.093071 0.119096
5 0.708967 0.395867 0.069022 0.097109
5 0.315489 0.703481 0.082609 0.108103
4 0.390217 0.706739 0.075272 0.108103
4 0.460258 0.712134 0.073234 0.122150
4 0.528193 0.718445 0.077310 0.122150
5 0.597690 0.719971 0.070109 0.125204
5 0.666101 0.726283 0.071060 0.125204
0 0.469158 0.451445 0.554891 0.267712
1 0.486413 0.664393 0.428533 0.258347
