5 0.193207 0.394239 0.091033 0.134568
4 0.284103 0.400550 0.101359 0.143933
3 0.401155 0.409914 0.138995 0.150448
3 0.535530 0.418567 0.131658 0.155130
3 0.642595 0.424776 0.084647 0.158184
4 0.725204 0.430273 0.078397 0.153298
3 0.289334 0.733306 0.090897 0.145765
4 0.375068 0.730151 0.084647 0.139454
4 0.451834 0.728624 0.071060 0.133143
4 0.521875 0.737174 0.075272 0.131515
4 0.599796 0.745012 0.078397 0.125204
4 0.679212 0.763029 0.078261 0.133143
0 0.456114 0.471804 0.612500 0.299064
1 0.481114 0.696458 0.476630 0.294381
