5 0.183288 0.382431 0.089946 0.117467
5 0.274728 0.377036 0.095109 0.118893
4 0.387092 0.379377 0.129620 0.132940
3 0.516168 0.397394 0.128533 0.140879
3 0.624864 0.415411 0.095109 0.152077
3 0.711073 0.440452 0.068886 0.161441
5 0.238655 0.715289 0.079484 0.112581
5 0.317595 0.708265 0.082473 0.111156
5 0.398641 0.715391 0.081522 0.122150
5 0.483220 0.720073 0.085734 0.122150
3 0.562636 0.724756 0.081522 0.122150
5 0.632201 0.730965 0.059511 0.115839
0 0.439878 0.465493 0.609375 0.321050
1 0.429484 0.668160 0.467120 0.275651
