5 0.254891 0.484222 0.091033 0.117467
4 0.339538 0.471702 0.078261 0.101792
3 0.434171 0.470175 0.119158 0.108103
4 0.548573 0.485851 0.107745 0.139454
4 0.638451 0.501527 0.067935 0.154927
4 0.705910 0.524328 0.064810 0.147191
4 0.308696 0.824919 0.085598 0.128257
4 0.385530 0.824104 0.084647 0.123779
5 0.460802 0.827260 0.072147 0.132940
5 0.530842 0.832757 0.067935 0.131718
5 0.605503 0.847618 0.085734 0.126832
5 0.682813 0.856169 0.071060 0.128461
0 0.471739 0.567386 0.530978 0.296010
1 0.491101 0.785016 0.462908 0.283388
