5 0.279416 0.457757 0.089810 0.136197
5 0.363587 0.463966 0.082609 0.136401
4 0.460734 0.485851 0.116033 0.161441
3 0.577853 0.503054 0.116033 0.151873
3 0.678193 0.510179 0.084647 0.140879
3 0.759171 0.505395 0.079484 0.125204
0 0.512976 0.520358 0.567527 0.283388
3 0.332201 0.725468 0.080435 0.130090
3 0.404891 0.744300 0.075272 0.111156
3 0.476427 0.757634 0.072147 0.106474
3 0.547486 0.764658 0.069973 0.114414
3 0.616440 0.781046 0.067935 0.106474
4 0.690693 0.795195 0.082473 0.103420
1 0.511957 0.716918 0.439946 0.281963
