5 0.262704 0.367671 0.096060 0.140879
4 0.351019 0.380191 0.086821 0.137826
3 0.452921 0.384059 0.121332 0.126832
3 0.578872 0.397394 0.128668 0.128257
2 0.684443 0.413070 0.084647 0.134772
3 0.763859 0.417752 0.070109 0.122150
3 0.298777 0.680884 0.074185 0.137826
3 0.373505 0.687093 0.079348 0.134772
4 0.452446 0.687093 0.080435 0.128257
4 0.530299 0.690961 0.079348 0.111156
3 0.607133 0.690248 0.084647 0.112581
3 0.682880 0.691877 0.077446 0.115839
0 0.505163 0.434955 0.591576 0.291327
1 0.492663 0.631515 0.459783 0.252036
