4 0.197894 0.444422 0.100408 0.153502
6 0.289402 0.445949 0.088859 0.143933
4 0.391304 0.445949 0.123370 0.141083
3 0.507812 0.448290 0.111821 0.133143
5 0.604484 0.453787 0.085598 0.131515
4 0.686005 0.456128 0.075272 0.139454
3 0.173845 0.777891 0.077310 0.122150
4 0.253804 0.791327 0.086685 0.133143
5 0.336413 0.793567 0.091033 0.131515
5 0.413723 0.799165 0.067935 0.126832
5 0.484239 0.799165 0.081522 0.126832
5 0.561617 0.801507 0.077310 0.122150
0 0.435190 0.509365 0.576902 0.314739
1 0.370380 0.729336 0.461957 0.281963
