5 0.239742 0.399735 0.119158 0.230252
5 0.314946 0.462337 0.048098 0.142508
4 0.390217 0.417752 0.112772 0.144137
4 0.514538 0.414597 0.135870 0.141083
3 0.629008 0.420908 0.097147 0.141083
4 0.719429 0.428746 0.081522 0.150244
5 0.308220 0.793567 0.111821 0.150244
6 0.396467 0.786543 0.069022 0.136197
6 0.465965 0.781861 0.078397 0.145562
6 0.547011 0.783489 0.083696 0.148819
5 0.618614 0.786543 0.065761 0.154927
4 0.697486 0.814027 0.098234 0.169178
0 0.469633 0.455314 0.587364 0.350774
1 0.501019 0.736462 0.495516 0.349145
