4 0.231318 0.395053 0.064810 0.104845
3 0.307677 0.401262 0.091984 0.111156
3 0.416916 0.425590 0.120245 0.137826
3 0.540217 0.448290 0.118207 0.120521
3 0.643139 0.451445 0.085734 0.114210
3 0.723573 0.453787 0.064810 0.112785
3 0.270584 0.727911 0.076223 0.097109
3 0.343750 0.731779 0.080435 0.098738
4 0.421603 0.743485 0.075272 0.109528
4 0.498370 0.753664 0.080435 0.107899
4 0.577853 0.762215 0.082609 0.103420
3 0.645788 0.768526 0.067935 0.103420
0 0.477446 0.486665 0.557065 0.294585
1 0.458288 0.704397 0.447283 0.250407
