5 0.229823 0.348025 0.093071 0.139454
5 0.315489 0.365228 0.082609 0.151873
5 0.419497 0.371539 0.119158 0.142508
4 0.537024 0.386401 0.111821 0.140879
4 0.633764 0.388029 0.079484 0.134772
3 0.707948 0.379377 0.062636 0.108103
4 0.268954 0.687093 0.085734 0.122150
5 0.352106 0.694218 0.076223 0.111156
5 0.424660 0.699613 0.071060 0.119096
5 0.495788 0.712134 0.075272 0.109528
4 0.565829 0.716816 0.066984 0.109528
3 0.644701 0.728624 0.092935 0.120521
0 0.461821 0.428746 0.561141 0.313111
1 0.459715 0.665208 0.465082 0.259976
