6 0.272147 0.459283 0.089946 0.114414
4 0.355774 0.463966 0.085734 0.123779
4 0.460258 0.470277 0.116984 0.120521
4 0.584647 0.476486 0.129620 0.126832
4 0.688043 0.478115 0.081522 0.117467
4 0.770109 0.487480 0.074185 0.114210
4 0.336889 0.751323 0.077310 0.125204
4 0.413247 0.755293 0.083560 0.120521
3 0.490082 0.765472 0.074185 0.112785
3 0.563179 0.770155 0.080435 0.109528
3 0.638995 0.775550 0.069022 0.108103
3 0.708967 0.785831 0.066848 0.122150
0 0.515149 0.524226 0.586277 0.250407
1 0.518750 0.729336 0.447283 0.247353
