5 0.225136 0.365228 0.102446 0.133143
5 0.312908 0.370012 0.079348 0.148819
4 0.409511 0.391083 0.116033 0.153502
4 0.525543 0.405945 0.116033 0.123779
4 0.627989 0.413070 0.092935 0.131515
3 0.715761 0.426303 0.076359 0.133143
4 0.263791 0.716002 0.089810 0.133143
5 0.348438 0.708978 0.083560 0.125204
5 0.422622 0.709080 0.068886 0.131515
6 0.486889 0.713660 0.069973 0.128461
5 0.556929 0.726181 0.080435 0.131515
5 0.635802 0.753664 0.085734 0.136401
0 0.462840 0.450631 0.582201 0.313314
1 0.446671 0.683123 0.466168 0.299064
