3 0.233967 0.429458 0.065761 0.139454
4 0.306590 0.415411 0.079484 0.123575
4 0.412704 0.412968 0.128668 0.147191
4 0.542323 0.416938 0.138995 0.161238
4 0.651019 0.443607 0.076223 0.133143
4 0.712160 0.491348 0.043886 0.131718
5 0.260666 0.771682 0.085734 0.093852
5 0.345856 0.760688 0.084647 0.115839
4 0.421060 0.739617 0.080435 0.120521
4 0.490557 0.750509 0.064810 0.120725
4 0.564810 0.764658 0.075272 0.114414
4 0.632201 0.784202 0.070109 0.096906
0 0.468139 0.487378 0.534103 0.324104
1 0.443003 0.708265 0.452582 0.258550
