6 0.222486 0.380191 0.099321 0.137826
6 0.310802 0.388029 0.073234 0.125407
5 0.406454 0.396682 0.118071 0.117467
6 0.528193 0.407573 0.125408 0.133143
6 0.629552 0.409914 0.085734 0.134568
6 0.709579 0.406861 0.078397 0.137826
6 0.275747 0.718445 0.078397 0.109528
6 0.355231 0.717630 0.080571 0.098534
6 0.426291 0.716002 0.065897 0.092427
6 0.493682 0.723127 0.073234 0.094055
6 0.566848 0.738803 0.077446 0.112785
5 0.645245 0.761502 0.077446 0.117467
0 0.461821 0.451445 0.582065 0.299064
1 0.460258 0.693302 0.455571 0.269340
