5 0.246535 0.405232 0.097147 0.125204
4 0.333764 0.411543 0.077310 0.115839
3 0.432609 0.421621 0.116033 0.114414
3 0.545380 0.436482 0.101359 0.122150
4 0.635802 0.465493 0.077310 0.136197
5 0.707948 0.463253 0.068886 0.147191
4 0.290353 0.687907 0.067935 0.105049
4 0.356726 0.687093 0.064810 0.122150
5 0.420516 0.687805 0.062772 0.117467
5 0.483288 0.690248 0.075272 0.119096
5 0.552242 0.694116 0.058560 0.117467
5 0.609715 0.706739 0.060734 0.117467
0 0.468071 0.485037 0.548641 0.291327
1 0.448777 0.651873 0.382609 0.239414
