4 0.312840 0.333978 0.091984 0.123575
4 0.403329 0.344971 0.093071 0.136197
4 0.503601 0.366857 0.103397 0.136401
4 0.614946 0.381006 0.112772 0.108103
3 0.715217 0.392712 0.081522 0.122150
3 0.792595 0.400448 0.071060 0.131515
5 0.332269 0.667549 0.084647 0.114414
5 0.411685 0.669890 0.080435 0.115839
5 0.483288 0.669076 0.069022 0.104845
5 0.549592 0.663681 0.076359 0.122150
4 0.623302 0.675387 0.066984 0.123575
3 0.693342 0.691877 0.066848 0.128461
0 0.544905 0.417752 0.560190 0.303746
1 0.510394 0.624491 0.436821 0.281963
