3 0.248030 0.398208 0.071060 0.101792
3 0.323302 0.398921 0.083560 0.109731
3 0.422622 0.408388 0.110734 0.125407
3 0.539674 0.420908 0.114946 0.125204
3 0.638451 0.433428 0.088859 0.118893
4 0.719973 0.438111 0.086685 0.128257
4 0.287772 0.753664 0.089946 0.136401
4 0.370924 0.780334 0.074185 0.111156
4 0.437772 0.785016 0.067935 0.111156
3 0.510938 0.805375 0.080571 0.098534
4 0.590353 0.812398 0.086685 0.097109
4 0.673438 0.813925 0.077310 0.100163
0 0.485326 0.484222 0.555978 0.289699
1 0.474864 0.723127 0.476630 0.297638
