5 0.293546 0.387215 0.074321 0.111156
4 0.366168 0.377748 0.073098 0.095480
3 0.457609 0.379377 0.113859 0.117467
4 0.572079 0.391083 0.106658 0.112785
4 0.662500 0.395053 0.076359 0.123575
5 0.733560 0.409100 0.059511 0.126832
5 0.313927 0.687805 0.089810 0.126832
6 0.399660 0.687805 0.085734 0.126832
6 0.477446 0.692590 0.074185 0.114414
6 0.549592 0.698086 0.076359 0.131515
5 0.626427 0.697272 0.087908 0.133143
4 0.696467 0.701242 0.054348 0.119096
0 0.509375 0.440554 0.510054 0.264658
1 0.496332 0.640879 0.450543 0.255293
