3 0.269022 0.392712 0.096196 0.122150
5 0.366712 0.390269 0.099185 0.133143
4 0.474321 0.391083 0.116033 0.122150
4 0.593546 0.399735 0.118071 0.130090
4 0.700136 0.420094 0.092935 0.154927
4 0.785802 0.455415 0.076223 0.172231
4 0.345788 0.744198 0.092935 0.126832
3 0.434103 0.723941 0.089946 0.142508
3 0.509918 0.728624 0.061685 0.148616
3 0.579416 0.729438 0.073234 0.144137
3 0.653601 0.738701 0.073234 0.147191
3 0.723573 0.757533 0.071060 0.134772
0 0.519293 0.484222 0.607337 0.330415
1 0.529212 0.682410 0.461957 0.297638
