3 0.281590 0.368384 0.098234 0.148819
4 0.376630 0.375509 0.094022 0.169178
4 0.484307 0.377748 0.116984 0.167549
3 0.607065 0.391083 0.113859 0.162866
3 0.712092 0.391897 0.096196 0.164495
3 0.799389 0.386401 0.080571 0.150244
5 0.331726 0.722313 0.100408 0.145765
4 0.422079 0.726995 0.086821 0.151873
4 0.504687 0.732492 0.080571 0.144137
5 0.584647 0.741857 0.079348 0.144137
6 0.667731 0.741042 0.090897 0.142508
5 0.751291 0.744300 0.084647 0.145765
0 0.539198 0.435057 0.613451 0.316368
1 0.539062 0.687195 0.513179 0.281963
