4 0.272147 0.322985 0.079348 0.120725
4 0.352106 0.330822 0.086821 0.139251
4 0.451834 0.346498 0.119158 0.148616
4 0.567935 0.358204 0.121196 0.147191
3 0.671875 0.376323 0.076359 0.136197
3 0.750272 0.391897 0.076359 0.139251
4 0.334307 0.674572 0.093071 0.109731
3 0.422079 0.662052 0.093071 0.128257
3 0.504144 0.668363 0.068886 0.134772
3 0.580435 0.674572 0.081522 0.137826
3 0.656182 0.683225 0.072147 0.145765
3 0.728329 0.698799 0.065897 0.158184
0 0.509375 0.409914 0.562228 0.303950
1 0.524049 0.635485 0.476630 0.291327
