4 0.288315 0.395053 0.082609 0.117467
3 0.377717 0.397394 0.096196 0.112785
2 0.488995 0.407573 0.118207 0.129886
3 0.605503 0.424878 0.119158 0.133143
3 0.708492 0.432614 0.093071 0.129886
3 0.782677 0.448290 0.059647 0.133143
4 0.315014 0.716103 0.083560 0.136197
5 0.393886 0.720073 0.076359 0.131515
4 0.468614 0.722313 0.079348 0.123779
4 0.544905 0.729438 0.075136 0.122150
4 0.624321 0.730965 0.083696 0.115839
4 0.700679 0.737989 0.075272 0.123779
0 0.528736 0.474145 0.567527 0.288274
1 0.506250 0.669890 0.466033 0.266083
