5 0.248098 0.362174 0.087772 0.133143
6 0.336413 0.362174 0.088859 0.136401
6 0.449253 0.356678 0.132745 0.150244
4 0.583084 0.352708 0.126495 0.139454
3 0.700068 0.359833 0.105571 0.141083
3 0.797826 0.367569 0.085598 0.169178
5 0.299796 0.699613 0.093071 0.150448
5 0.389198 0.698086 0.091984 0.144137
4 0.477514 0.711421 0.086821 0.136197
4 0.565285 0.712948 0.090897 0.129886
4 0.651563 0.719971 0.085734 0.125204
4 0.741372 0.713762 0.098234 0.134772
0 0.519293 0.419381 0.636413 0.285016
1 0.523438 0.638538 0.540353 0.288070
