4 0.253804 0.446661 0.086685 0.120521
4 0.338995 0.435057 0.087772 0.112785
4 0.438791 0.433428 0.111821 0.109528
4 0.547011 0.451445 0.106522 0.136197
4 0.634307 0.480354 0.069973 0.134568
4 0.696943 0.520257 0.063723 0.158184
3 0.298302 0.726283 0.077310 0.134568
4 0.373981 0.724654 0.072147 0.137826
4 0.449253 0.735647 0.076223 0.125204
4 0.521399 0.753664 0.076223 0.133143
4 0.590897 0.770155 0.060598 0.140879
4 0.648370 0.796722 0.060598 0.137826
0 0.467595 0.529723 0.526766 0.317997
1 0.469158 0.726384 0.419022 0.291124
