4 0.213111 0.454499 0.090897 0.126832
3 0.296196 0.459996 0.081522 0.128461
3 0.401698 0.475672 0.119158 0.143933
3 0.523981 0.475672 0.116984 0.137826
3 0.622758 0.470989 0.082473 0.125204
3 0.698030 0.470175 0.074321 0.130090
3 0.263791 0.764556 0.089810 0.158184
4 0.343750 0.759874 0.082609 0.148819
4 0.426834 0.770155 0.077310 0.131515
4 0.503601 0.774837 0.078397 0.140879
3 0.577785 0.777891 0.078397 0.134772
3 0.657745 0.772394 0.087772 0.133143
0 0.449864 0.515574 0.570652 0.258347
1 0.458696 0.712134 0.490217 0.266287
