3 0.303940 0.387215 0.067935 0.120521
3 0.376630 0.388029 0.083696 0.134772
2 0.475951 0.398208 0.108696 0.139251
3 0.585666 0.408388 0.106658 0.144137
3 0.689198 0.424064 0.098234 0.140879
2 0.779008 0.430273 0.073234 0.141083
4 0.345313 0.734019 0.083560 0.106474
4 0.423641 0.737276 0.073098 0.115839
4 0.494226 0.739617 0.076223 0.114414
4 0.570041 0.745827 0.071060 0.111360
3 0.638927 0.752138 0.071060 0.114210
4 0.711617 0.774023 0.069973 0.129886
0 0.541780 0.467121 0.549864 0.299064
1 0.525000 0.711523 0.441033 0.286645
