4 0.259103 0.403603 0.080435 0.128461
4 0.341101 0.392712 0.083560 0.125407
5 0.447690 0.371539 0.121196 0.142508
6 0.575204 0.398921 0.121332 0.175285
5 0.681793 0.413783 0.096196 0.158184
6 0.774321 0.438925 0.080435 0.170603
5 0.323913 0.687093 0.074185 0.118893
4 0.401698 0.680884 0.077310 0.109731
3 0.476495 0.684752 0.074185 0.108103
3 0.550136 0.686380 0.064674 0.117467
3 0.620177 0.695745 0.073234 0.095480
3 0.695924 0.701140 0.074185 0.100163
0 0.515625 0.441266 0.600000 0.319422
1 0.509375 0.630700 0.455707 0.244300
