5 0.296739 0.384874 0.088859 0.134568
5 0.387568 0.381006 0.090897 0.136197
4 0.498370 0.377036 0.130707 0.150244
3 0.623845 0.382533 0.111821 0.151873
3 0.725679 0.398208 0.081522 0.151873
3 0.802514 0.422435 0.072147 0.128257
4 0.312364 0.653502 0.086685 0.123779
4 0.397011 0.651873 0.091033 0.117264
4 0.478533 0.658082 0.076359 0.108103
4 0.557405 0.663579 0.077310 0.109731
4 0.632677 0.680069 0.077310 0.114210
4 0.710530 0.686279 0.078397 0.111156
0 0.545924 0.443607 0.585326 0.283388
1 0.511481 0.626018 0.476495 0.253664
