3 0.285666 0.338660 0.098234 0.136197
3 0.365625 0.345684 0.067935 0.112785
3 0.454484 0.354336 0.107609 0.117467
3 0.568410 0.360546 0.120245 0.120521
3 0.656793 0.367569 0.060598 0.115839
3 0.729348 0.376323 0.086685 0.136197
5 0.321264 0.635485 0.085734 0.137826
5 0.400136 0.665208 0.074185 0.134568
5 0.467052 0.675387 0.057473 0.126832
5 0.530842 0.684752 0.067935 0.111360
5 0.603940 0.685464 0.076359 0.112785
4 0.678668 0.666735 0.075272 0.128257
0 0.502582 0.409914 0.538315 0.297435
1 0.495788 0.611156 0.449457 0.267915
