4 0.291440 0.363701 0.080435 0.145562
4 0.368274 0.377036 0.079484 0.137622
3 0.469158 0.389556 0.116033 0.143933
2 0.583084 0.392712 0.105571 0.131515
2 0.677649 0.402891 0.085734 0.145765
2 0.749728 0.395053 0.062772 0.120725
3 0.317052 0.705924 0.085734 0.125204
4 0.398098 0.719157 0.080435 0.126832
4 0.469701 0.723941 0.066848 0.120521
4 0.536549 0.725468 0.071196 0.104845
4 0.610734 0.725468 0.075272 0.108103
3 0.684918 0.727097 0.066848 0.108103
0 0.513043 0.430375 0.536141 0.285016
1 0.496332 0.660423 0.448370 0.253664
