3 0.249185 0.366042 0.075272 0.122150
3 0.336413 0.367671 0.101359 0.131515
3 0.443003 0.390371 0.109647 0.136197
3 0.554891 0.392712 0.116033 0.128257
3 0.661413 0.401364 0.095109 0.126832
3 0.743003 0.398921 0.069973 0.119096
4 0.321739 0.675285 0.076359 0.133143
4 0.398641 0.685566 0.087772 0.141083
4 0.479076 0.692590 0.077446 0.136401
4 0.553261 0.693404 0.083696 0.131515
4 0.634307 0.698799 0.078397 0.117467
4 0.706386 0.703583 0.059511 0.114414
0 0.493750 0.435770 0.570652 0.270969
1 0.510462 0.639353 0.449457 0.252239
