4 0.272690 0.345684 0.080435 0.118893
4 0.359918 0.350366 0.091848 0.134772
4 0.467052 0.362072 0.132745 0.158184
4 0.595109 0.366042 0.123370 0.150244
4 0.696467 0.389556 0.085598 0.141083
4 0.775883 0.403603 0.079484 0.128461
5 0.312364 0.664393 0.109783 0.136197
4 0.406454 0.661340 0.086821 0.136197
4 0.482677 0.665208 0.072147 0.109731
3 0.551155 0.677728 0.077310 0.109528
4 0.622283 0.691877 0.075272 0.106474
4 0.703804 0.712948 0.075272 0.105049
0 0.518750 0.432614 0.589402 0.302117
1 0.498437 0.631515 0.486005 0.286645
