4 0.299321 0.439739 0.081522 0.122150
4 0.387636 0.438925 0.082609 0.139251
4 0.492663 0.449817 0.123370 0.130090
4 0.619090 0.463253 0.127582 0.147191
3 0.722622 0.476486 0.079484 0.152077
2 0.794701 0.489007 0.071196 0.139251
4 0.351019 0.754377 0.090897 0.128461
4 0.439878 0.774735 0.078397 0.106474
4 0.516712 0.778705 0.081522 0.120521
4 0.595584 0.785016 0.078397 0.120521
4 0.676087 0.802219 0.080435 0.117467
4 0.754959 0.815554 0.071060 0.125407
0 0.545992 0.514862 0.574864 0.307003
1 0.549660 0.742671 0.486005 0.286645
