3 0.262160 0.392610 0.076223 0.126832
4 0.341644 0.416836 0.078397 0.100366
4 0.444565 0.394137 0.127446 0.136401
4 0.563723 0.402789 0.108696 0.119096
4 0.643139 0.437195 0.050136 0.093852
3 0.713655 0.442590 0.084647 0.111156
3 0.287772 0.696356 0.069022 0.126832
3 0.364606 0.709691 0.076223 0.112785
3 0.438791 0.708978 0.082473 0.117467
3 0.517188 0.719055 0.076223 0.112785
3 0.592391 0.733917 0.076359 0.145765
3 0.664062 0.762215 0.064810 0.142508
0 0.490014 0.464678 0.531929 0.280334
1 0.475883 0.691673 0.447418 0.292956
