4 0.288859 0.454601 0.104620 0.123779
4 0.387636 0.459996 0.092935 0.125204
4 0.492120 0.458469 0.116033 0.116042
3 0.609171 0.464678 0.105571 0.106474
4 0.698030 0.468648 0.076223 0.111156
4 0.770652 0.474959 0.062772 0.114414
4 0.361481 0.866348 0.113995 0.136197
4 0.447690 0.842936 0.066848 0.136197
4 0.509851 0.839780 0.063723 0.151873
4 0.575204 0.828787 0.064810 0.151873
5 0.648913 0.821050 0.080435 0.155130
5 0.723098 0.839780 0.074185 0.142508
0 0.518274 0.525041 0.565353 0.261401
1 0.537568 0.779418 0.459918 0.300692
