4 0.299321 0.335505 0.100272 0.123779
3 0.387092 0.349654 0.083696 0.136197
4 0.478057 0.386401 0.098234 0.140879
4 0.577853 0.383347 0.097283 0.122150
3 0.665082 0.379377 0.079348 0.114210
3 0.736685 0.359019 0.063859 0.117467
5 0.373505 0.734019 0.064674 0.128461
5 0.444022 0.756718 0.076359 0.133143
5 0.518274 0.756820 0.076223 0.114210
5 0.589810 0.759874 0.069022 0.098738
5 0.662976 0.743485 0.085734 0.125407
5 0.736685 0.736462 0.061685 0.120725
0 0.513043 0.430273 0.536141 0.322679
1 0.547554 0.683225 0.442120 0.283388
