2 0.264674 0.350265 0.081522 0.120725
3 0.660802 0.378461 0.077310 0.151873
4 0.450747 0.690859 0.073234 0.119096
5 0.587160 0.699511 0.076223 0.114414
6 0.446060 0.341714 0.126359 0.165920
4 0.344633 0.309548 0.078397 0.092223
5 0.562092 0.311889 0.109783 0.134772
4 0.728261 0.381515 0.059511 0.111156
4 0.654076 0.710301 0.059511 0.111156
5 0.516101 0.690147 0.076223 0.114414
5 0.377106 0.685464 0.076223 0.114414
5 0.295584 0.686889 0.076223 0.114414
1 0.471671 0.625102 0.424321 0.294585
0 0.492052 0.397292 0.534103 0.289699
