3 0.216712 0.476283 0.054348 0.097109
3 0.287296 0.447374 0.084647 0.111360
3 0.387092 0.437195 0.114946 0.119096
3 0.505639 0.435566 0.118071 0.119096
3 0.605978 0.443404 0.082609 0.109528
3 0.689063 0.478624 0.079484 0.133143
3 0.264810 0.764556 0.060598 0.087744
2 0.333764 0.750407 0.077310 0.112785
3 0.407473 0.743384 0.067935 0.104845
3 0.476902 0.741755 0.069022 0.098738
2 0.548573 0.761299 0.072147 0.115839
3 0.624321 0.778603 0.073098 0.119096
0 0.460190 0.495827 0.541304 0.239617
1 0.448166 0.708876 0.423234 0.261401
