3 0.269429 0.327565 0.088859 0.144137
4 0.352582 0.383143 0.073098 0.120521
3 0.447690 0.379988 0.110870 0.148819
3 0.557473 0.397292 0.108696 0.126832
3 0.649932 0.440248 0.072147 0.128461
4 0.718886 0.305578 0.103533 0.153502
3 0.302378 0.713660 0.066984 0.126832
4 0.387092 0.751934 0.094022 0.115839
4 0.453465 0.710403 0.057473 0.095480
3 0.511413 0.737072 0.060598 0.114210
4 0.580978 0.731576 0.074185 0.106474
3 0.657745 0.751120 0.073098 0.139454
0 0.496807 0.398819 0.551766 0.346091
1 0.481658 0.679051 0.427446 0.280334
