2 0.230774 0.369910 0.069973 0.103420
2 0.305503 0.379988 0.077310 0.114210
2 0.395924 0.369096 0.103533 0.139251
2 0.483220 0.398005 0.083560 0.122150
2 0.586141 0.400346 0.118207 0.139454
2 0.684918 0.390981 0.073098 0.126832
3 0.261617 0.712846 0.085734 0.128461
2 0.347351 0.733917 0.085734 0.123779
3 0.429891 0.762215 0.075272 0.111156
3 0.509851 0.759772 0.076223 0.122150
2 0.588247 0.758958 0.076223 0.114414
2 0.666101 0.744910 0.083560 0.148616
0 0.459715 0.444218 0.531929 0.299267
1 0.463859 0.672028 0.490217 0.294381
