3 0.332677 0.316673 0.073234 0.115839
3 0.410530 0.305680 0.093071 0.115839
3 0.517120 0.308734 0.116033 0.128461
3 0.633696 0.327565 0.117120 0.168974
2 0.731386 0.373779 0.080435 0.120521
3 0.803533 0.365126 0.065761 0.156555
3 0.382337 0.632940 0.082609 0.112785
5 0.462772 0.628970 0.074185 0.098738
5 0.533899 0.634568 0.076223 0.112785
5 0.601291 0.645562 0.052310 0.122150
5 0.662432 0.672028 0.069973 0.112785
3 0.733016 0.691673 0.073098 0.132940
0 0.566304 0.405945 0.544565 0.335098
1 0.556861 0.610953 0.431658 0.303746
