3 0.293478 0.427015 0.067935 0.108103
3 0.373981 0.428644 0.090897 0.126832
3 0.476427 0.426201 0.113995 0.137826
3 0.592391 0.452871 0.113859 0.134568
2 0.690082 0.478624 0.081522 0.123779
3 0.768546 0.484222 0.066984 0.125204
4 0.313859 0.763742 0.075272 0.114210
4 0.393342 0.758245 0.079348 0.115839
4 0.464334 0.767610 0.064810 0.103217
4 0.536005 0.766796 0.074185 0.108103
4 0.612840 0.779316 0.079484 0.120521
3 0.696399 0.812195 0.083560 0.126832
0 0.529755 0.503766 0.542391 0.302321
1 0.505707 0.726792 0.467120 0.275651
