3 0.210394 0.438721 0.064810 0.122150
2 0.289334 0.447374 0.093071 0.139454
2 0.396943 0.449002 0.124321 0.148819
2 0.519293 0.457553 0.116033 0.165920
3 0.627921 0.474756 0.093071 0.128257
2 0.711549 0.462235 0.067935 0.165920
3 0.262160 0.783998 0.086821 0.120521
3 0.343139 0.787256 0.073234 0.123779
4 0.420516 0.795094 0.081522 0.126832
3 0.499389 0.796519 0.076223 0.126832
3 0.575679 0.811482 0.076359 0.109528
3 0.650408 0.801201 0.083696 0.117467
0 0.463859 0.509263 0.571739 0.278705
1 0.457065 0.739414 0.476630 0.263029
