2 0.257473 0.403502 0.094022 0.120521
3 0.349389 0.410525 0.085734 0.147191
3 0.461277 0.420704 0.138043 0.154927
3 0.594497 0.438721 0.130571 0.150244
3 0.700611 0.455924 0.079484 0.115839
2 0.776834 0.441164 0.071060 0.123779
3 0.301902 0.737887 0.088859 0.147191
3 0.388655 0.734731 0.084647 0.131515
3 0.470177 0.740126 0.078397 0.117467
3 0.551155 0.751221 0.085734 0.114414
2 0.632609 0.768424 0.075272 0.108103
3 0.708424 0.762826 0.082609 0.122150
0 0.513451 0.478726 0.597826 0.289699
1 0.504620 0.687805 0.498641 0.278705
