4 0.278872 0.403502 0.080571 0.120521
4 0.360394 0.394849 0.076223 0.125204
3 0.458628 0.394137 0.113995 0.133143
3 0.573098 0.402687 0.106522 0.150244
4 0.672894 0.409813 0.093071 0.142508
4 0.761753 0.412968 0.080571 0.139454
4 0.343139 0.716714 0.085734 0.104845
4 0.420992 0.713559 0.065897 0.120521
5 0.494226 0.720684 0.072147 0.134772
5 0.567867 0.724552 0.068886 0.139251
5 0.637840 0.738599 0.071060 0.133143
3 0.720992 0.766796 0.093071 0.117467
0 0.521399 0.458265 0.567527 0.274023
1 0.533899 0.697170 0.467255 0.256718
