3 0.293478 0.345582 0.088859 0.120725
4 0.383356 0.362785 0.093071 0.161238
4 0.495245 0.354133 0.122283 0.147191
4 0.617527 0.363498 0.122283 0.137826
3 0.728329 0.379988 0.105571 0.130090
3 0.828125 0.350265 0.089946 0.136197
3 0.352038 0.715086 0.080435 0.126832
4 0.436141 0.742569 0.087772 0.134568
3 0.522418 0.766083 0.082609 0.122150
3 0.606522 0.762113 0.083696 0.117467
3 0.693750 0.758245 0.088859 0.119096
3 0.774253 0.730049 0.069973 0.144137
0 0.560530 0.417549 0.629212 0.286645
1 0.561549 0.683021 0.501630 0.297638
