3 0.236005 0.347211 0.082609 0.117467
4 0.312840 0.379275 0.066984 0.118893
3 0.403261 0.379988 0.113859 0.130090
2 0.517663 0.379275 0.114946 0.134772
4 0.621671 0.407471 0.090897 0.106474
3 0.704755 0.397292 0.073098 0.136197
3 0.296671 0.625102 0.078397 0.106474
3 0.368274 0.646987 0.064810 0.100163
3 0.435598 0.649430 0.067935 0.101792
3 0.508832 0.663477 0.082609 0.095684
3 0.582473 0.665818 0.060598 0.103217
3 0.650951 0.674471 0.072011 0.120521
0 0.467527 0.426303 0.551902 0.285016
1 0.472758 0.607899 0.432745 0.247557
