3 0.238655 0.316673 0.071060 0.128461
4 0.320177 0.333774 0.089810 0.125204
3 0.427853 0.340798 0.123370 0.142508
3 0.550068 0.354133 0.119158 0.159813
3 0.649932 0.386299 0.078397 0.114210
3 0.721467 0.387113 0.060598 0.115839
3 0.288791 0.691673 0.094158 0.114210
3 0.369293 0.679866 0.069022 0.106474
2 0.440353 0.722923 0.071196 0.120521
2 0.512976 0.711217 0.072147 0.119096
3 0.580910 0.705008 0.053397 0.094055
3 0.647283 0.737785 0.079348 0.131515
0 0.477446 0.406657 0.548641 0.311686
1 0.464946 0.658693 0.448370 0.289699
