3 0.236549 0.427830 0.064674 0.109731
2 0.307065 0.428644 0.074185 0.117467
2 0.399049 0.439536 0.103533 0.127036
2 0.518207 0.454397 0.134783 0.128257
2 0.629484 0.455212 0.087772 0.133143
3 0.709443 0.495114 0.072147 0.144137
3 0.271535 0.744096 0.065897 0.100163
4 0.341576 0.748066 0.072011 0.114210
4 0.415285 0.753461 0.079484 0.122150
3 0.489470 0.758958 0.073234 0.120521
4 0.562092 0.760586 0.067935 0.123779
3 0.635258 0.781759 0.078397 0.122150
0 0.475408 0.508449 0.542391 0.277077
1 0.457609 0.715086 0.435870 0.258347
