3 0.268954 0.366755 0.068886 0.128461
3 0.345245 0.379988 0.081522 0.114210
4 0.444565 0.381616 0.117120 0.130090
3 0.563723 0.390167 0.121196 0.137826
3 0.669769 0.411340 0.086821 0.111360
2 0.754891 0.410525 0.087772 0.115839
2 0.330095 0.669788 0.072147 0.111156
2 0.398573 0.684650 0.064810 0.094055
2 0.466508 0.706535 0.073234 0.093852
2 0.535462 0.708876 0.069022 0.095684
3 0.604416 0.715187 0.077310 0.105049
2 0.678125 0.722923 0.070109 0.111156
0 0.516644 0.438721 0.566440 0.272394
1 0.503057 0.649430 0.422147 0.264658
