3 0.274660 0.441877 0.065897 0.097109
3 0.357745 0.429357 0.094022 0.106678
4 0.463315 0.451344 0.117120 0.122150
3 0.584579 0.451242 0.125408 0.128461
3 0.694293 0.470888 0.089946 0.120521
3 0.776902 0.487378 0.073098 0.122150
3 0.332133 0.733204 0.084647 0.128461
2 0.414266 0.745623 0.081522 0.115839
2 0.498370 0.754275 0.086685 0.098534
3 0.578804 0.763742 0.074185 0.104845
3 0.657745 0.768424 0.081522 0.117467
3 0.740829 0.765269 0.078397 0.139251
0 0.530231 0.509161 0.574864 0.275651
1 0.536481 0.704194 0.491168 0.267915
