3 0.272079 0.408998 0.085734 0.131515
3 0.355231 0.417549 0.078397 0.111156
3 0.453397 0.407370 0.116033 0.144137
3 0.567323 0.399532 0.107745 0.147191
2 0.667663 0.424674 0.088859 0.125407
3 0.762228 0.418363 0.100272 0.122150
3 0.320109 0.683836 0.075272 0.107899
4 0.391236 0.684650 0.066984 0.112785
3 0.464946 0.698697 0.082609 0.112785
3 0.547962 0.695542 0.087772 0.106474
3 0.625883 0.691673 0.072147 0.114210
4 0.703193 0.701853 0.086821 0.141083
0 0.520788 0.460607 0.583152 0.278705
1 0.516101 0.644646 0.465082 0.258347
