4 0.215149 0.357288 0.069973 0.109528
4 0.291984 0.370623 0.081522 0.111360
3 0.390149 0.375305 0.110734 0.139454
2 0.501495 0.371437 0.111957 0.125204
3 0.599253 0.402687 0.085734 0.103420
3 0.684918 0.392610 0.081522 0.104845
3 0.247486 0.654927 0.065897 0.131515
4 0.321739 0.665920 0.082609 0.122150
3 0.398505 0.680782 0.069022 0.111156
3 0.470652 0.675998 0.083696 0.108103
3 0.553261 0.687805 0.081522 0.097109
3 0.634171 0.698697 0.078397 0.094055
0 0.454416 0.423046 0.552853 0.253664
1 0.445041 0.618893 0.461005 0.263029
