3 0.224049 0.358917 0.094022 0.131515
3 0.298234 0.382431 0.052174 0.097109
3 0.390149 0.341714 0.133832 0.137826
3 0.524457 0.348636 0.130707 0.158184
3 0.615421 0.437093 0.051223 0.122150
3 0.689674 0.410525 0.095109 0.150448
3 0.247011 0.673656 0.087772 0.144137
3 0.334783 0.672842 0.085598 0.155130
4 0.415829 0.678339 0.072147 0.131515
3 0.490014 0.680782 0.076223 0.133143
3 0.566304 0.718343 0.076359 0.139454
3 0.647283 0.743384 0.089946 0.148819
0 0.456522 0.431698 0.563315 0.330415
1 0.452378 0.657980 0.500679 0.335098
