2 0.320652 0.396376 0.059511 0.122150
2 0.384918 0.389454 0.066848 0.114414
3 0.475883 0.369096 0.115082 0.139251
3 0.593954 0.382431 0.119158 0.156555
3 0.692255 0.430985 0.075272 0.144137
3 0.762772 0.415208 0.061685 0.137826
3 0.350476 0.752036 0.071060 0.090798
3 0.417391 0.747252 0.060598 0.093852
3 0.482677 0.746437 0.072147 0.108103
3 0.555299 0.747964 0.079348 0.101792
4 0.630571 0.748880 0.066848 0.115839
3 0.700068 0.754275 0.072147 0.120521
0 0.542255 0.448901 0.504891 0.302117
1 0.517731 0.694015 0.438995 0.250407
