5 0.347283 0.344768 0.102446 0.119096
5 0.439266 0.371437 0.102446 0.119096
5 0.545924 0.376120 0.102446 0.119096
5 0.653533 0.373066 0.102446 0.119096
5 0.736141 0.419992 0.075272 0.090798
5 0.825951 0.393424 0.102446 0.119096
5 0.326902 0.723840 0.088859 0.115839
5 0.407337 0.712846 0.088859 0.115839
5 0.480163 0.706637 0.075272 0.090798
5 0.545924 0.737989 0.075272 0.090798
5 0.617935 0.761604 0.075272 0.090798
5 0.704620 0.821152 0.102446 0.119096
1 0.520788 0.711217 0.476630 0.347516
0 0.586141 0.442691 0.584239 0.321050
