3 0.291440 0.327769 0.092935 0.133143
5 0.381386 0.335505 0.088859 0.142508
4 0.485326 0.349654 0.117120 0.136197
4 0.604959 0.355863 0.126495 0.139251
3 0.710054 0.366857 0.083696 0.127036
3 0.786889 0.370725 0.072147 0.131515
4 0.367731 0.719971 0.097147 0.119096
4 0.447690 0.713762 0.066848 0.122150
4 0.515082 0.713762 0.074185 0.125407
4 0.584103 0.717732 0.076359 0.117467
4 0.653057 0.723941 0.065897 0.120521
4 0.727310 0.744300 0.082609 0.133143
0 0.529755 0.414597 0.580163 0.310057
1 0.542255 0.662765 0.448370 0.299064
