4 0.320109 0.373779 0.081522 0.101792
4 0.395380 0.392508 0.081522 0.101792
4 0.494701 0.412968 0.100272 0.139454
4 0.608560 0.408286 0.100272 0.139454
4 0.708967 0.444218 0.081522 0.095684
4 0.795788 0.447272 0.081522 0.095684
4 0.398030 0.742569 0.088723 0.128461
4 0.713655 0.769239 0.088723 0.128461
4 0.317120 0.725977 0.081522 0.095684
3 0.472758 0.765269 0.068886 0.123779
3 0.541780 0.757533 0.068886 0.123779
4 0.623709 0.773921 0.088723 0.128461
1 0.517595 0.685362 0.474592 0.311686
0 0.553601 0.455415 0.561277 0.311482
