3 0.264810 0.430171 0.069022 0.089169
4 0.347351 0.429357 0.096060 0.122150
3 0.447147 0.468546 0.103533 0.115839
3 0.559511 0.476384 0.121196 0.131515
3 0.665082 0.481067 0.087772 0.094055
3 0.745516 0.467732 0.075272 0.108103
3 0.338995 0.783998 0.073098 0.111156
4 0.414742 0.785627 0.078397 0.114414
3 0.484239 0.779316 0.058424 0.092427
3 0.550068 0.784813 0.073234 0.100163
3 0.621671 0.783286 0.065897 0.112581
4 0.695380 0.805171 0.081522 0.109528
0 0.507201 0.503664 0.555978 0.274023
1 0.519769 0.735444 0.436821 0.258347
