4 0.292459 0.366755 0.076223 0.147191
6 0.378125 0.367467 0.101359 0.139251
5 0.495245 0.377647 0.134783 0.166124
4 0.621739 0.383856 0.116033 0.137826
4 0.722011 0.389353 0.086685 0.108103
3 0.802514 0.380904 0.072147 0.122150
3 0.345788 0.686991 0.086685 0.114210
6 0.429891 0.695542 0.083696 0.137826
6 0.513995 0.694829 0.080435 0.145765
4 0.596060 0.686177 0.079348 0.134568
4 0.675476 0.702565 0.079484 0.120521
4 0.756454 0.711217 0.078397 0.137826
0 0.546399 0.427015 0.586277 0.283591
1 0.549592 0.649328 0.494293 0.270969
