3 0.296671 0.428542 0.065897 0.114414
3 0.370856 0.429357 0.080571 0.134772
3 0.475340 0.439536 0.124321 0.145765
4 0.602853 0.440350 0.130707 0.159609
4 0.708492 0.468546 0.078397 0.128461
4 0.786277 0.471702 0.075272 0.122150
4 0.356182 0.734731 0.069973 0.128257
3 0.430435 0.748066 0.074185 0.136197
3 0.507745 0.767610 0.074185 0.109731
3 0.585122 0.773107 0.076223 0.114210
4 0.662976 0.771478 0.083560 0.117467
4 0.741848 0.770053 0.067935 0.126832
0 0.544837 0.498270 0.562228 0.288070
1 0.550611 0.713559 0.456658 0.245928
