3 0.285190 0.437907 0.095109 0.123779
2 0.360394 0.461523 0.057473 0.079805
3 0.445041 0.448901 0.109647 0.129886
3 0.556386 0.471600 0.110870 0.128461
3 0.653533 0.481067 0.087772 0.103420
3 0.747079 0.463050 0.097147 0.126832
3 0.322758 0.765269 0.086821 0.129886
3 0.403804 0.781759 0.075272 0.109528
3 0.476902 0.783286 0.066848 0.106474
3 0.548505 0.791124 0.076359 0.122150
4 0.622758 0.784100 0.076223 0.117467
4 0.699524 0.784813 0.073234 0.122150
0 0.517188 0.512317 0.561277 0.278705
1 0.510394 0.726181 0.459918 0.264658
