2 0.294497 0.341714 0.084647 0.119096
3 0.379212 0.375305 0.084783 0.120725
3 0.483220 0.376120 0.123234 0.153298
3 0.600272 0.376120 0.114946 0.153298
3 0.704280 0.396478 0.093071 0.109731
3 0.792052 0.387113 0.080571 0.119096
3 0.350476 0.668974 0.068886 0.112785
3 0.417391 0.694727 0.062772 0.126832
2 0.486821 0.720582 0.067935 0.115839
3 0.552242 0.706535 0.064810 0.109731
3 0.621739 0.734731 0.074185 0.103420
2 0.695924 0.737887 0.074185 0.134568
0 0.541168 0.427015 0.577989 0.299064
1 0.526087 0.655639 0.420109 0.308428
