4 0.298709 0.398819 0.065897 0.127036
4 0.369293 0.439536 0.075272 0.133143
4 0.464402 0.436380 0.110870 0.148819
4 0.586617 0.435668 0.125408 0.153502
4 0.690082 0.445847 0.081522 0.123779
4 0.774253 0.416836 0.090897 0.128461
3 0.366168 0.755904 0.073098 0.111156
3 0.439878 0.755904 0.072147 0.120521
3 0.508764 0.773107 0.072147 0.114210
4 0.580910 0.780843 0.072147 0.126832
5 0.655639 0.793465 0.083560 0.145562
3 0.739266 0.830314 0.081522 0.125204
0 0.541712 0.479438 0.555978 0.297638
1 0.556318 0.744096 0.451495 0.303746
