3 0.285666 0.434039 0.060734 0.103420
3 0.358288 0.437195 0.080435 0.112581
3 0.457065 0.428542 0.114946 0.120521
3 0.570992 0.432410 0.110734 0.131515
3 0.670245 0.455212 0.087772 0.101792
3 0.748166 0.456026 0.063723 0.109528
3 0.305027 0.702667 0.065761 0.089373
4 0.382880 0.717529 0.085598 0.125204
4 0.461753 0.728522 0.072147 0.097109
3 0.532813 0.734731 0.072147 0.103420
3 0.607541 0.737887 0.079484 0.106474
3 0.678601 0.742569 0.058560 0.112581
0 0.518207 0.490432 0.527717 0.256922
1 0.491101 0.680680 0.437908 0.242875
