2 0.291916 0.382431 0.064810 0.115839
2 0.361481 0.383143 0.069973 0.114414
3 0.452921 0.382329 0.112908 0.140879
3 0.567323 0.378461 0.109647 0.139251
3 0.666644 0.400448 0.086821 0.123779
3 0.744497 0.401873 0.068886 0.133143
5 0.343139 0.719870 0.077310 0.111156
3 0.415829 0.734731 0.063723 0.109528
4 0.484239 0.759059 0.073098 0.126832
3 0.557948 0.754275 0.076223 0.133143
3 0.636277 0.748880 0.080435 0.125204
3 0.713655 0.739414 0.074321 0.109528
0 0.519837 0.438823 0.522554 0.259976
1 0.528668 0.690859 0.448370 0.272598
