4 0.236549 0.354947 0.083696 0.089373
4 0.317527 0.356474 0.076359 0.101792
4 0.411617 0.361971 0.109647 0.131515
3 0.519293 0.358103 0.103533 0.129886
3 0.612840 0.386299 0.085734 0.114210
4 0.692731 0.391796 0.069973 0.128461
3 0.228193 0.696356 0.060734 0.086116
3 0.297690 0.721397 0.078261 0.120725
4 0.373981 0.708164 0.074321 0.115839
4 0.445109 0.708876 0.067935 0.120521
4 0.510938 0.711217 0.063723 0.100366
4 0.581454 0.726893 0.071060 0.103217
0 0.463315 0.434039 0.543478 0.294381
1 0.408356 0.666531 0.429484 0.255293
