3 0.346332 0.302524 0.081522 0.112785
3 0.430435 0.307919 0.086685 0.117467
3 0.528668 0.310261 0.109783 0.131515
4 0.642595 0.325936 0.115897 0.153502
3 0.743954 0.365126 0.086821 0.128461
2 0.821875 0.408998 0.066848 0.128257
3 0.350476 0.603929 0.066984 0.108103
4 0.426223 0.628970 0.082609 0.126832
4 0.506726 0.634467 0.082473 0.125204
3 0.587160 0.654825 0.078397 0.128461
4 0.668207 0.675998 0.079348 0.126832
4 0.747622 0.681494 0.079484 0.137826
0 0.579823 0.399634 0.546603 0.316368
1 0.552717 0.596906 0.473370 0.313111
