3 0.268410 0.355049 0.082473 0.111156
3 0.350408 0.365126 0.081522 0.137826
3 0.451834 0.366653 0.116984 0.140879
3 0.567323 0.372252 0.113995 0.139454
3 0.665082 0.398005 0.079348 0.118893
4 0.740829 0.386299 0.076223 0.123575
4 0.308628 0.663477 0.077310 0.136401
5 0.387568 0.667345 0.080571 0.140879
3 0.462840 0.677626 0.065897 0.117467
3 0.534986 0.677626 0.078397 0.117467
4 0.609647 0.695542 0.069022 0.109731
4 0.685394 0.690961 0.084647 0.131515
0 0.504076 0.420806 0.551902 0.255293
1 0.499389 0.629072 0.462908 0.264658
