3 0.193682 0.333774 0.091984 0.119096
3 0.277785 0.383143 0.078397 0.114414
4 0.376087 0.398819 0.120109 0.148616
4 0.499932 0.416022 0.125408 0.123575
4 0.609647 0.404316 0.096196 0.112785
4 0.704755 0.376120 0.089946 0.119096
4 0.221399 0.651771 0.088723 0.134568
3 0.297215 0.670603 0.058560 0.122150
4 0.366168 0.719768 0.079348 0.126832
3 0.439266 0.720684 0.069022 0.109528
3 0.518207 0.733917 0.086685 0.101792
4 0.603397 0.722211 0.091848 0.128461
0 0.450815 0.439536 0.600000 0.336726
1 0.414742 0.624287 0.471332 0.339780
