3 0.266372 0.369809 0.063723 0.125204
3 0.335802 0.400346 0.077310 0.108103
5 0.432541 0.368282 0.118071 0.162866
5 0.551630 0.374491 0.122283 0.165920
4 0.651495 0.407370 0.075272 0.122150
3 0.736141 0.393424 0.087772 0.137826
3 0.296128 0.672129 0.071060 0.125204
3 0.369837 0.682309 0.067935 0.117467
3 0.439266 0.681494 0.069022 0.125204
4 0.511413 0.698697 0.073098 0.116042
5 0.583016 0.707349 0.076359 0.120725
5 0.665082 0.705822 0.089946 0.123779
0 0.505639 0.421519 0.546603 0.288070
1 0.487432 0.631413 0.451495 0.281963
