4 0.271060 0.344055 0.087772 0.133143
3 0.356250 0.398819 0.080435 0.139251
4 0.453940 0.402687 0.110870 0.150244
4 0.564198 0.401873 0.107745 0.133143
5 0.663995 0.399634 0.089946 0.134772
4 0.754416 0.361971 0.093071 0.134772
4 0.324864 0.689332 0.084783 0.125407
5 0.402717 0.724552 0.069022 0.120521
4 0.471196 0.734731 0.065761 0.131515
4 0.543342 0.729235 0.080435 0.136401
4 0.619090 0.724552 0.066984 0.129886
4 0.693274 0.721397 0.075136 0.130090
0 0.515082 0.435566 0.575815 0.319422
1 0.506182 0.670603 0.453668 0.275651
