4 0.274185 0.406657 0.066848 0.111360
5 0.346264 0.401975 0.077310 0.117467
5 0.451359 0.378461 0.128533 0.142508
5 0.576223 0.370623 0.114946 0.136197
4 0.673438 0.387113 0.077310 0.125204
3 0.754416 0.408184 0.078397 0.105049
4 0.329552 0.664292 0.058560 0.090798
5 0.395924 0.668974 0.070109 0.118893
6 0.469090 0.672842 0.072147 0.129886
6 0.537568 0.679153 0.064810 0.129886
4 0.609103 0.686177 0.082609 0.119096
4 0.686481 0.690859 0.072147 0.134568
0 0.517188 0.430884 0.552853 0.259976
1 0.510938 0.639963 0.425408 0.242875
