4 0.261141 0.390167 0.074185 0.119096
4 0.333220 0.416022 0.072147 0.104845
5 0.422622 0.416836 0.104484 0.119096
5 0.529212 0.418363 0.102446 0.118893
4 0.623302 0.430884 0.085734 0.093852
5 0.703736 0.407471 0.073234 0.106474
4 0.268478 0.708876 0.061685 0.092427
5 0.342120 0.718343 0.077446 0.117467
5 0.415285 0.720582 0.068886 0.115839
3 0.486345 0.719870 0.068886 0.114414
4 0.558967 0.726893 0.076359 0.109731
3 0.638451 0.745725 0.080435 0.131515
0 0.483220 0.461421 0.518342 0.261604
1 0.459171 0.687704 0.443071 0.253664
