4 0.332677 0.423046 0.091984 0.153502
4 0.434103 0.462235 0.108696 0.128461
4 0.554280 0.466205 0.127582 0.142508
4 0.671332 0.477911 0.104620 0.109731
3 0.772690 0.449715 0.094022 0.137622
4 0.838587 0.454499 0.035598 0.097109
3 0.343682 0.814536 0.082473 0.131515
3 0.424728 0.797435 0.075272 0.112785
3 0.496807 0.798147 0.064810 0.117467
4 0.570516 0.828685 0.082609 0.119096
4 0.636821 0.796621 0.045924 0.089169
5 0.712636 0.867875 0.101359 0.131515
0 0.570992 0.497455 0.572690 0.311686
1 0.534918 0.785627 0.463043 0.302117
