3 0.322826 0.376934 0.074185 0.104845
4 0.404280 0.390981 0.084647 0.132940
4 0.503533 0.408184 0.116033 0.151873
4 0.621196 0.408184 0.114946 0.151873
3 0.718410 0.438009 0.077310 0.117467
4 0.793614 0.430884 0.073098 0.119096
3 0.378668 0.705008 0.081522 0.122150
4 0.459647 0.715086 0.080435 0.126832
4 0.534375 0.723738 0.069022 0.112785
3 0.600747 0.730863 0.063723 0.114414
4 0.672351 0.736360 0.077310 0.122150
3 0.747079 0.741755 0.072147 0.126832
0 0.557948 0.459894 0.544429 0.280130
1 0.561549 0.676812 0.447283 0.266083
