3 0.300815 0.393322 0.080435 0.116042
4 0.378193 0.419992 0.072147 0.109528
3 0.468071 0.411340 0.107609 0.145562
3 0.578804 0.417651 0.107609 0.154927
4 0.675476 0.454397 0.083560 0.118893
4 0.751291 0.441063 0.069973 0.126832
3 0.332133 0.718343 0.078397 0.104845
4 0.410054 0.738701 0.077446 0.108103
4 0.484239 0.752748 0.066848 0.126832
3 0.550679 0.761401 0.067935 0.103420
5 0.623777 0.764454 0.074185 0.103420
4 0.693750 0.750407 0.067935 0.103420
0 0.520788 0.470888 0.537228 0.277280
1 0.509851 0.694015 0.437908 0.263029
