3 0.257405 0.330721 0.098234 0.106474
4 0.341101 0.387826 0.071060 0.123779
4 0.433560 0.368282 0.118207 0.147394
3 0.552174 0.382431 0.114946 0.147191
3 0.647758 0.423860 0.078397 0.114414
4 0.726223 0.401975 0.076359 0.126832
4 0.299253 0.759772 0.096060 0.131515
3 0.383899 0.741755 0.073234 0.104845
4 0.461277 0.735444 0.079348 0.108103
4 0.532337 0.753461 0.062772 0.090798
4 0.601291 0.751934 0.068886 0.115839
4 0.676019 0.805273 0.080571 0.147191
0 0.488451 0.443404 0.562228 0.338355
1 0.483220 0.724552 0.466168 0.308632
