3 0.294090 0.442590 0.064810 0.092427
4 0.366712 0.433225 0.080435 0.123779
3 0.458628 0.433225 0.097147 0.133143
3 0.561073 0.430884 0.109647 0.128461
3 0.652514 0.443404 0.075136 0.122150
3 0.731929 0.441877 0.079348 0.141083
3 0.344701 0.731576 0.067935 0.103217
4 0.412636 0.741755 0.065761 0.117467
3 0.475883 0.739414 0.056386 0.103420
4 0.538111 0.742569 0.063723 0.109731
5 0.603397 0.757431 0.077446 0.114210
5 0.680163 0.770765 0.074185 0.128257
0 0.517188 0.485749 0.513179 0.250407
1 0.514606 0.715187 0.411821 0.245928
