3 0.251223 0.437195 0.075272 0.119096
4 0.326427 0.453583 0.075136 0.123779
4 0.417935 0.435566 0.101359 0.137826
4 0.524524 0.437195 0.105571 0.141083
3 0.615421 0.462235 0.078397 0.103217
3 0.694361 0.449715 0.079484 0.125407
3 0.287704 0.727708 0.071060 0.139454
4 0.362500 0.728420 0.076359 0.140879
3 0.436141 0.746437 0.075272 0.130090
3 0.509918 0.741755 0.067935 0.117467
4 0.583016 0.740228 0.076359 0.114414
2 0.660394 0.739414 0.078397 0.122150
0 0.475408 0.485749 0.523641 0.238192
1 0.477989 0.694015 0.449457 0.247557
