2 0.330639 0.414495 0.058560 0.098534
3 0.396943 0.422333 0.072147 0.108103
4 0.490014 0.405843 0.113995 0.137826
3 0.605435 0.405843 0.114946 0.147191
3 0.705842 0.436380 0.081522 0.120725
4 0.785802 0.438721 0.078397 0.144137
3 0.351019 0.725265 0.072147 0.106474
4 0.426291 0.729235 0.078397 0.105049
4 0.502038 0.733204 0.073098 0.109731
4 0.575679 0.735546 0.074185 0.111156
4 0.654620 0.744198 0.083696 0.115839
3 0.730910 0.769951 0.064810 0.114414
0 0.563179 0.464577 0.523641 0.277280
1 0.540693 0.697170 0.451495 0.266083
