4 0.309715 0.452056 0.073234 0.108103
5 0.388587 0.450529 0.080435 0.120521
5 0.483764 0.438009 0.111821 0.136197
5 0.600204 0.459182 0.119158 0.137826
5 0.700068 0.481067 0.076223 0.109528
5 0.769565 0.476283 0.066848 0.128461
3 0.346264 0.715086 0.071060 0.095480
5 0.423641 0.718343 0.081522 0.108103
4 0.496807 0.719870 0.058560 0.111156
5 0.567867 0.733204 0.083560 0.106474
4 0.637908 0.747252 0.060598 0.093852
4 0.699592 0.751934 0.066848 0.103217
0 0.540693 0.495114 0.533016 0.250407
1 0.524524 0.687704 0.425408 0.234935
