3 0.344701 0.406657 0.076359 0.120725
4 0.424660 0.426914 0.085734 0.101792
4 0.531318 0.425489 0.125408 0.129886
2 0.647826 0.432512 0.107609 0.150448
2 0.739266 0.453685 0.083696 0.098738
3 0.818682 0.441877 0.079484 0.128461
4 0.394361 0.730049 0.079484 0.118893
4 0.475408 0.729235 0.080435 0.120521
3 0.552717 0.745725 0.072011 0.100163
3 0.623777 0.763742 0.067935 0.126832
3 0.690693 0.753563 0.065897 0.119096
3 0.762772 0.773921 0.076359 0.125204
0 0.582541 0.481067 0.553940 0.272394
1 0.578872 0.708062 0.452582 0.263029
