3 0.280978 0.459080 0.059511 0.134772
5 0.356250 0.454397 0.088859 0.131515
4 0.466440 0.448901 0.135870 0.142508
5 0.603397 0.462235 0.135870 0.172435
4 0.717867 0.491144 0.086821 0.136197
4 0.792052 0.477097 0.063723 0.148819
4 0.329552 0.753563 0.079484 0.125204
5 0.401698 0.752036 0.068886 0.122150
4 0.477989 0.759059 0.077446 0.126832
4 0.557948 0.773921 0.082473 0.128461
6 0.643682 0.769239 0.084647 0.125204
3 0.724660 0.775448 0.073234 0.128257
0 0.538043 0.511604 0.575815 0.286645
1 0.528125 0.719055 0.474457 0.250407
