3 0.237568 0.522598 0.079484 0.101792
5 0.319158 0.477097 0.081522 0.104845
5 0.418954 0.472414 0.118071 0.164292
4 0.533899 0.466918 0.109647 0.147191
4 0.625883 0.484935 0.076223 0.123779
3 0.700611 0.503766 0.071060 0.117467
4 0.304008 0.813823 0.072147 0.111360
5 0.378193 0.789597 0.084647 0.115839
4 0.452853 0.792752 0.060598 0.112785
4 0.524524 0.795094 0.078397 0.108103
3 0.596603 0.798962 0.067935 0.087744
4 0.668750 0.806800 0.074185 0.109528
0 0.466984 0.519340 0.538315 0.283388
1 0.488927 0.752748 0.444158 0.242875
