2 0.292935 0.325936 0.060598 0.112785
3 0.369769 0.329906 0.084647 0.126832
3 0.471671 0.336217 0.119158 0.145562
3 0.591916 0.341612 0.121332 0.140879
3 0.698981 0.363599 0.084647 0.122150
3 0.776902 0.355761 0.073098 0.125204
4 0.345788 0.629072 0.074185 0.114414
4 0.419973 0.641694 0.074185 0.114414
4 0.493682 0.645460 0.071060 0.106474
3 0.569429 0.653298 0.078261 0.116042
4 0.646264 0.665818 0.071060 0.112581
4 0.718410 0.683836 0.077310 0.139251
0 0.538587 0.396478 0.551902 0.278705
1 0.533356 0.615737 0.449321 0.288070
