4 0.275747 0.326853 0.063723 0.136197
5 0.351495 0.351079 0.087772 0.147191
3 0.462296 0.364414 0.131658 0.173860
4 0.601359 0.365941 0.142120 0.176914
4 0.725679 0.397292 0.104620 0.130090
3 0.811345 0.402687 0.064810 0.112785
4 0.333764 0.665818 0.073234 0.128461
3 0.413655 0.688518 0.084647 0.129886
3 0.497283 0.719768 0.080435 0.126832
4 0.581454 0.718343 0.083560 0.126832
4 0.667120 0.730049 0.081522 0.116042
3 0.746535 0.730049 0.077310 0.118893
0 0.544905 0.412052 0.602038 0.316368
1 0.541236 0.645460 0.492255 0.288070
