3 0.293478 0.395664 0.067935 0.114210
4 0.373981 0.397191 0.093071 0.123779
4 0.477446 0.401160 0.118207 0.134568
3 0.599185 0.413681 0.121196 0.150244
3 0.705842 0.443506 0.087772 0.125204
3 0.782677 0.485749 0.063723 0.128257
4 0.326495 0.702667 0.081522 0.114210
5 0.404280 0.700326 0.072147 0.112785
3 0.478533 0.726181 0.074185 0.120521
3 0.548030 0.722211 0.062636 0.112581
4 0.622758 0.749593 0.084647 0.120521
4 0.699049 0.764454 0.065761 0.100163
0 0.538587 0.484935 0.555978 0.302117
1 0.508764 0.682207 0.444158 0.274023
