3 0.274185 0.409813 0.073098 0.111156
3 0.342595 0.438721 0.063723 0.094055
3 0.426223 0.431698 0.107609 0.130090
3 0.532337 0.444218 0.106522 0.139251
3 0.625883 0.473229 0.084647 0.100366
3 0.705842 0.443404 0.079348 0.109528
3 0.308152 0.704194 0.070109 0.101792
3 0.376087 0.720684 0.063859 0.112785
3 0.439266 0.752748 0.069022 0.114210
4 0.507269 0.764454 0.062636 0.112785
3 0.573098 0.762928 0.069022 0.109731
3 0.643071 0.776262 0.066848 0.129886
0 0.492595 0.485749 0.512092 0.272394
1 0.477446 0.703379 0.406522 0.275651
