3 0.330027 0.313416 0.067935 0.115839
3 0.403193 0.320542 0.078397 0.123575
4 0.496739 0.326751 0.102446 0.145765
4 0.597622 0.336116 0.099321 0.133143
3 0.688043 0.344870 0.079348 0.131515
3 0.759171 0.353420 0.064810 0.114414
3 0.370856 0.680680 0.084647 0.120725
3 0.448166 0.674471 0.069973 0.105049
3 0.514538 0.670501 0.060598 0.100366
4 0.578329 0.694015 0.066984 0.109528
3 0.640489 0.697068 0.055435 0.112785
3 0.706318 0.711217 0.069973 0.106474
0 0.545380 0.392610 0.498641 0.280334
1 0.541168 0.633754 0.427446 0.267915
