3 0.274185 0.486564 0.083696 0.101792
4 0.362024 0.488090 0.091984 0.130090
3 0.469090 0.493587 0.120245 0.137826
4 0.592391 0.504479 0.122283 0.140879
3 0.694837 0.531148 0.082609 0.118893
3 0.772147 0.522496 0.067935 0.117467
5 0.320177 0.791938 0.077310 0.111156
5 0.399117 0.781657 0.078397 0.115839
6 0.473845 0.798860 0.071060 0.122150
5 0.550611 0.807512 0.074321 0.114210
5 0.622758 0.801303 0.072147 0.114414
5 0.698505 0.812296 0.071196 0.114414
0 0.519769 0.550692 0.574864 0.267915
1 0.507745 0.755090 0.454620 0.238192
