3 0.207813 0.364414 0.078397 0.133143
5 0.292935 0.358815 0.087772 0.147191
4 0.392799 0.368282 0.113859 0.175489
4 0.502514 0.363498 0.105571 0.147191
5 0.604484 0.382329 0.096196 0.144137
3 0.692255 0.395765 0.073098 0.151873
3 0.259986 0.725366 0.078397 0.131515
4 0.337908 0.701853 0.073098 0.131718
4 0.407473 0.705721 0.074185 0.139454
4 0.479008 0.744910 0.068886 0.120521
4 0.548505 0.738599 0.065761 0.129886
5 0.623777 0.758958 0.086685 0.155130
0 0.449253 0.432512 0.559103 0.322679
1 0.445584 0.682309 0.445245 0.311686
