4 0.255910 0.322883 0.086821 0.144137
3 0.334239 0.341612 0.067935 0.103420
4 0.426766 0.345582 0.108696 0.148819
5 0.539606 0.381616 0.112908 0.170806
5 0.633220 0.401975 0.078397 0.158184
4 0.711549 0.421519 0.074185 0.143933
4 0.247486 0.652586 0.057473 0.117467
3 0.324864 0.677524 0.095109 0.133143
4 0.410054 0.682207 0.069022 0.123779
5 0.476902 0.692488 0.060598 0.109731
4 0.544837 0.691673 0.075272 0.126832
3 0.609647 0.708062 0.056522 0.090798
0 0.481114 0.416124 0.541304 0.336726
1 0.433560 0.629886 0.423370 0.253664
