5 0.281454 0.412866 0.085734 0.133143
4 0.355163 0.445033 0.063859 0.112785
4 0.448709 0.436380 0.121332 0.161441
3 0.565761 0.427830 0.112772 0.150448
4 0.663995 0.451242 0.081522 0.119096
3 0.741372 0.423046 0.073234 0.140879
3 0.372418 0.748880 0.081522 0.128461
3 0.431454 0.719870 0.038723 0.073697
4 0.490557 0.768424 0.077310 0.117467
5 0.564198 0.760586 0.065897 0.107899
5 0.631590 0.751934 0.071060 0.097109
4 0.704755 0.762113 0.069022 0.117467
0 0.508288 0.488905 0.539402 0.291327
1 0.537568 0.712744 0.411821 0.244300
