4 0.270516 0.348636 0.074185 0.117467
4 0.351495 0.345582 0.087772 0.117467
3 0.450815 0.333774 0.110870 0.125204
4 0.562636 0.340086 0.106522 0.131718
4 0.646739 0.365126 0.061685 0.115839
5 0.714130 0.380802 0.075272 0.103217
3 0.364063 0.664292 0.073234 0.094055
4 0.437704 0.698799 0.072147 0.097109
3 0.496264 0.670603 0.047147 0.081433
4 0.562636 0.690147 0.087772 0.123779
3 0.632677 0.708164 0.050136 0.125204
5 0.695312 0.743282 0.071060 0.123779
0 0.492595 0.403502 0.518342 0.274023
1 0.533424 0.665004 0.407609 0.292956
