4 0.286685 0.355761 0.054348 0.100366
3 0.354144 0.362785 0.080571 0.120521
4 0.449796 0.358103 0.110734 0.136401
4 0.555299 0.373779 0.094022 0.136401
3 0.641508 0.405843 0.078397 0.128461
4 0.705299 0.429357 0.049185 0.109528
4 0.330027 0.622761 0.067935 0.123779
4 0.400611 0.672129 0.071060 0.134568
3 0.471739 0.699511 0.066848 0.123779
3 0.540693 0.704194 0.075136 0.117264
4 0.612296 0.695643 0.065897 0.112785
4 0.670788 0.691572 0.049185 0.101792
0 0.497351 0.431698 0.473505 0.295806
1 0.497283 0.635281 0.402446 0.267712
