3 0.272079 0.408184 0.075136 0.133143
4 0.351495 0.419178 0.079348 0.117264
5 0.452921 0.424674 0.119158 0.168974
4 0.575679 0.421519 0.124457 0.165920
4 0.681793 0.431698 0.087772 0.123575
3 0.771196 0.416836 0.088859 0.156555
5 0.339538 0.768424 0.088859 0.167549
4 0.430435 0.768424 0.097283 0.154927
4 0.513519 0.760586 0.068886 0.129886
4 0.584035 0.768424 0.076223 0.145562
3 0.667663 0.778603 0.080435 0.147191
4 0.747622 0.791124 0.079484 0.128257
0 0.525543 0.473229 0.586413 0.297435
1 0.541168 0.719055 0.496467 0.281759
