2 0.284103 0.359731 0.065761 0.133143
3 0.359918 0.376832 0.081522 0.133143
4 0.454484 0.362785 0.107609 0.151873
3 0.569905 0.372252 0.119158 0.167549
3 0.670788 0.406657 0.080435 0.123575
3 0.751834 0.408286 0.083560 0.136197
3 0.343682 0.709691 0.082473 0.144137
3 0.420516 0.708164 0.069022 0.128461
3 0.491033 0.705721 0.070109 0.136197
3 0.559511 0.705008 0.069022 0.134772
4 0.635258 0.701038 0.078397 0.126832
3 0.713655 0.723025 0.076223 0.145562
0 0.523913 0.423147 0.543478 0.278705
1 0.528193 0.660322 0.451495 0.277077
