5 0.249049 0.380802 0.075272 0.141083
4 0.330095 0.394849 0.082473 0.137826
3 0.436685 0.406657 0.128533 0.167549
4 0.567323 0.425387 0.130571 0.158184
4 0.675543 0.453583 0.081522 0.133143
5 0.761753 0.472414 0.086821 0.130090
4 0.276291 0.701140 0.083560 0.151873
4 0.365149 0.691572 0.091984 0.142508
4 0.454959 0.715187 0.083560 0.123779
3 0.540693 0.740941 0.085734 0.119096
4 0.623234 0.733917 0.075272 0.114414
4 0.699524 0.765269 0.073234 0.129886
0 0.507812 0.468546 0.594701 0.319422
1 0.487432 0.682207 0.499592 0.305375
