5 0.252242 0.275855 0.079484 0.100163
5 0.334307 0.284507 0.084647 0.139454
6 0.443478 0.287663 0.127446 0.151873
5 0.575204 0.302524 0.127582 0.175489
5 0.676087 0.337744 0.074185 0.145765
5 0.747622 0.365126 0.071060 0.143933
3 0.291372 0.589068 0.084647 0.106474
3 0.368207 0.593037 0.066848 0.111156
4 0.445041 0.603217 0.080571 0.122150
5 0.523438 0.614210 0.074321 0.122150
5 0.602378 0.643119 0.077310 0.133143
4 0.675000 0.679866 0.065761 0.125204
0 0.498302 0.362785 0.573777 0.311482
1 0.479008 0.589068 0.459918 0.319422
