3 0.269973 0.405029 0.066848 0.108103
3 0.349457 0.388640 0.089946 0.122150
2 0.452853 0.387826 0.114946 0.139251
3 0.569429 0.383958 0.111957 0.144137
3 0.669226 0.401975 0.083560 0.120725
3 0.738791 0.430171 0.051223 0.111156
5 0.323777 0.711930 0.067935 0.101792
4 0.395380 0.708876 0.073098 0.120521
4 0.465897 0.697068 0.067935 0.131515
5 0.535937 0.706535 0.072147 0.119096
4 0.605503 0.709691 0.064810 0.118893
4 0.668750 0.737887 0.061685 0.119096
0 0.500951 0.441164 0.528804 0.274023
1 0.495245 0.675998 0.412772 0.258347
