3 0.343139 0.362785 0.077310 0.133143
4 0.422554 0.394951 0.081522 0.134772
5 0.514062 0.414495 0.099321 0.123779
4 0.620652 0.422231 0.109783 0.133143
3 0.712092 0.427728 0.069022 0.100163
3 0.781114 0.393322 0.069022 0.112785
5 0.409511 0.717427 0.076359 0.122150
4 0.489538 0.750407 0.081522 0.118893
5 0.559511 0.728420 0.056522 0.103420
5 0.623777 0.748880 0.067935 0.097109
4 0.697418 0.748779 0.075272 0.109528
3 0.764878 0.730761 0.055299 0.108103
0 0.560530 0.445033 0.512092 0.297638
1 0.583492 0.687704 0.424321 0.253664
