5 0.203601 0.412154 0.069973 0.137826
5 0.283560 0.418363 0.087772 0.109528
4 0.386481 0.406657 0.118071 0.136197
4 0.502514 0.408286 0.113995 0.148819
3 0.603940 0.433225 0.086685 0.129886
3 0.690149 0.462235 0.079484 0.169178
4 0.273166 0.738701 0.079484 0.108103
4 0.352582 0.727708 0.079348 0.120725
3 0.422079 0.716002 0.057473 0.112785
4 0.487908 0.735546 0.076359 0.120521
4 0.563179 0.739414 0.074185 0.103420
4 0.643139 0.758245 0.077310 0.147191
0 0.449253 0.478624 0.559103 0.305375
1 0.457133 0.701038 0.451495 0.270969
