3 0.288315 0.369809 0.076359 0.119096
4 0.369293 0.402789 0.087772 0.125204
3 0.468071 0.413681 0.107609 0.150244
4 0.581454 0.431800 0.115082 0.142508
5 0.685937 0.448901 0.091984 0.133143
3 0.765897 0.439536 0.070109 0.136401
4 0.302921 0.735546 0.078397 0.139251
5 0.383899 0.761401 0.083560 0.140879
4 0.465421 0.779418 0.073234 0.117467
5 0.539606 0.799776 0.079484 0.117467
5 0.621128 0.812195 0.085734 0.117467
4 0.702649 0.813009 0.079484 0.119096
0 0.526087 0.463050 0.551902 0.308428
1 0.505163 0.718241 0.480707 0.317997
