5 0.298709 0.383856 0.069973 0.137826
5 0.382337 0.396478 0.097283 0.131718
3 0.490557 0.377748 0.119158 0.169178
3 0.611277 0.379988 0.122283 0.167549
3 0.709443 0.419992 0.072147 0.131515
4 0.779484 0.417651 0.065761 0.139454
3 0.305503 0.660322 0.062636 0.104845
4 0.376630 0.702667 0.081522 0.130090
4 0.456522 0.700326 0.076359 0.134772
4 0.534918 0.711217 0.076359 0.125204
3 0.614334 0.725366 0.078397 0.131515
4 0.694361 0.726893 0.077310 0.141083
0 0.538587 0.439536 0.549728 0.305375
1 0.506726 0.659609 0.462908 0.285016
