3 0.289334 0.401975 0.074321 0.123575
4 0.365625 0.411340 0.080435 0.148819
5 0.462296 0.403502 0.112908 0.139251
5 0.577310 0.412154 0.108696 0.159813
4 0.670245 0.429357 0.075272 0.125407
3 0.755435 0.432512 0.095109 0.143933
3 0.338995 0.704194 0.079348 0.127036
4 0.418410 0.721397 0.077310 0.117467
4 0.492595 0.723738 0.066984 0.118893
4 0.564742 0.726181 0.073234 0.123779
5 0.645177 0.742569 0.085734 0.125204
4 0.726766 0.737887 0.075272 0.128461
0 0.527582 0.465391 0.550815 0.278909
1 0.533899 0.676812 0.465082 0.272598
