4 0.284647 0.406657 0.079348 0.120725
5 0.371399 0.409813 0.091984 0.142508
4 0.480571 0.415309 0.124457 0.131515
5 0.598709 0.422333 0.109647 0.145562
5 0.690625 0.444218 0.074185 0.114414
5 0.765421 0.419178 0.077310 0.142508
5 0.329076 0.707349 0.074185 0.130090
4 0.406929 0.708164 0.083696 0.128461
3 0.484783 0.722211 0.072011 0.128461
5 0.556386 0.727708 0.073098 0.123575
5 0.629008 0.737785 0.072147 0.112785
4 0.701698 0.741042 0.071060 0.122150
0 0.527106 0.465289 0.568614 0.259976
1 0.516168 0.676099 0.448370 0.264658
