2 0.287772 0.417651 0.073098 0.108103
3 0.363995 0.419992 0.081522 0.125407
3 0.460734 0.428644 0.107609 0.136197
4 0.574117 0.434853 0.119158 0.145765
3 0.672351 0.448188 0.073234 0.115839
3 0.746060 0.446661 0.074185 0.122150
4 0.342120 0.712032 0.083696 0.136197
5 0.421535 0.723738 0.077310 0.118893
4 0.490489 0.733103 0.060598 0.103420
4 0.559511 0.736360 0.075272 0.112785
3 0.627921 0.735546 0.063723 0.120521
3 0.693818 0.720684 0.076223 0.122150
0 0.518207 0.473127 0.532065 0.234935
1 0.517731 0.675998 0.436821 0.258347
