3 0.323302 0.412866 0.089810 0.129886
4 0.407473 0.412866 0.074185 0.129886
4 0.502038 0.427830 0.117120 0.134568
3 0.615421 0.431800 0.109647 0.142508
4 0.704280 0.435668 0.065897 0.131515
3 0.769090 0.440248 0.065897 0.156555
4 0.348913 0.708062 0.086685 0.134772
5 0.416848 0.695542 0.044837 0.119096
5 0.474864 0.759772 0.069022 0.122150
4 0.540693 0.733204 0.066984 0.109731
4 0.609171 0.722923 0.069973 0.120521
4 0.682337 0.704194 0.074185 0.120521
0 0.540693 0.475570 0.526766 0.261401
1 0.514538 0.685464 0.416033 0.283388
