3 0.292935 0.412154 0.075272 0.100366
4 0.375543 0.417651 0.089946 0.114210
4 0.485870 0.437907 0.128533 0.151873
4 0.609647 0.442691 0.110870 0.148819
4 0.706861 0.464577 0.075136 0.098534
4 0.779552 0.459894 0.072147 0.101792
3 0.356250 0.719870 0.076359 0.098534
4 0.428872 0.730049 0.068886 0.118893
4 0.504687 0.732390 0.078397 0.120725
4 0.583016 0.750407 0.067935 0.103420
4 0.652514 0.751934 0.068886 0.115839
4 0.715217 0.777891 0.056522 0.101792
0 0.535462 0.487378 0.558152 0.253664
1 0.532880 0.697170 0.429620 0.272598
