2 0.311821 0.398005 0.075272 0.134772
3 0.391236 0.405843 0.085734 0.143933
4 0.496807 0.411340 0.121332 0.167549
4 0.619090 0.412052 0.121332 0.172231
3 0.719973 0.437907 0.074185 0.111156
3 0.790965 0.417651 0.063723 0.117467
3 0.368750 0.726893 0.067935 0.119096
4 0.436685 0.737887 0.063859 0.125204
4 0.505707 0.762928 0.076359 0.125204
4 0.574660 0.762113 0.061549 0.095480
3 0.638927 0.770765 0.073234 0.112785
4 0.707880 0.785627 0.060598 0.120521
0 0.548505 0.470073 0.550815 0.303746
1 0.538587 0.711217 0.407609 0.281963
