3 0.230299 0.471702 0.069022 0.122150
5 0.303397 0.460607 0.075272 0.115839
4 0.411141 0.456026 0.135870 0.162866
5 0.547486 0.454397 0.128668 0.172231
4 0.653601 0.482594 0.085734 0.137826
5 0.739810 0.494401 0.080435 0.139454
4 0.298166 0.800489 0.071060 0.122150
5 0.373981 0.791124 0.082473 0.125407
5 0.455503 0.794178 0.074321 0.122150
4 0.529212 0.812296 0.069022 0.133143
3 0.595516 0.809039 0.067935 0.133143
4 0.678668 0.885790 0.094022 0.142508
0 0.490014 0.518628 0.588451 0.319422
1 0.495177 0.793465 0.471332 0.336523
