4 0.228736 0.368282 0.078397 0.122150
4 0.313383 0.369809 0.090897 0.128461
5 0.416848 0.361258 0.118207 0.164292
5 0.533899 0.381515 0.113995 0.173860
4 0.632133 0.423860 0.084647 0.148616
3 0.709986 0.464678 0.071060 0.167549
4 0.265285 0.657166 0.078397 0.133143
3 0.343682 0.661136 0.072147 0.134568
4 0.417391 0.671315 0.073098 0.123575
3 0.491033 0.687704 0.072011 0.122150
4 0.566304 0.701038 0.074185 0.120725
2 0.638451 0.739515 0.074185 0.147191
0 0.467527 0.446559 0.555978 0.347516
1 0.451834 0.647089 0.451495 0.341409
