3 0.318546 0.430171 0.072147 0.120521
3 0.394429 0.430069 0.081522 0.136197
3 0.498370 0.436380 0.122283 0.154927
4 0.620177 0.444218 0.119158 0.161238
4 0.717323 0.461421 0.071060 0.130090
3 0.796739 0.481067 0.087772 0.172231
3 0.358832 0.751221 0.083696 0.129886
4 0.437772 0.755904 0.076359 0.129886
3 0.515082 0.777789 0.080435 0.130090
3 0.593410 0.791124 0.078397 0.125407
4 0.672894 0.798147 0.080571 0.104845
3 0.756997 0.810668 0.079484 0.133143
0 0.562636 0.512419 0.560326 0.316368
1 0.557948 0.730049 0.483832 0.307003
