4 0.285190 0.437907 0.082609 0.133143
4 0.366168 0.462337 0.079348 0.122150
5 0.461277 0.455924 0.110870 0.159813
5 0.572622 0.452056 0.111821 0.152077
4 0.662976 0.460708 0.068886 0.122150
3 0.734579 0.435668 0.076223 0.109528
4 0.329008 0.719055 0.063723 0.109528
4 0.397011 0.721397 0.067935 0.120725
4 0.466440 0.718241 0.069022 0.111156
5 0.537092 0.737072 0.067935 0.117467
4 0.603397 0.739414 0.071196 0.125407
4 0.679212 0.750407 0.080435 0.125407
0 0.511889 0.495928 0.540353 0.255293
1 0.510326 0.689332 0.428533 0.263029
