5 0.302378 0.361258 0.077310 0.130090
5 0.388111 0.381515 0.091984 0.142508
4 0.490557 0.372150 0.112908 0.151873
5 0.604416 0.393424 0.119158 0.147191
3 0.704755 0.414495 0.075272 0.111156
4 0.780571 0.398107 0.074185 0.128461
4 0.360394 0.657980 0.072147 0.109528
4 0.430435 0.683836 0.072011 0.127036
4 0.507201 0.706535 0.081522 0.134568
4 0.583560 0.723025 0.073098 0.117467
5 0.657745 0.718241 0.073098 0.129886
4 0.727785 0.716714 0.068886 0.130090
0 0.542731 0.441063 0.560190 0.299064
1 0.545380 0.643933 0.442120 0.281759
