3 0.302921 0.409711 0.072147 0.126832
4 0.378193 0.430069 0.076223 0.126832
4 0.477446 0.420704 0.122283 0.167549
4 0.604959 0.423147 0.128668 0.169178
3 0.710530 0.451344 0.086821 0.140879
3 0.787840 0.467732 0.072147 0.117467
3 0.342595 0.664292 0.065897 0.125407
3 0.418410 0.692488 0.083560 0.147191
4 0.497351 0.701038 0.078397 0.139454
3 0.575204 0.718241 0.077310 0.133143
4 0.655639 0.729235 0.083560 0.136401
3 0.730910 0.716714 0.068886 0.132940
0 0.547486 0.478624 0.561277 0.296010
1 0.539606 0.661136 0.459918 0.288070
