3 0.302446 0.404316 0.060598 0.118893
4 0.374457 0.413783 0.081522 0.137826
3 0.472215 0.413783 0.111821 0.147191
3 0.591372 0.418363 0.118071 0.153502
2 0.685937 0.440350 0.071060 0.122150
3 0.753329 0.434039 0.063723 0.112785
3 0.347894 0.711217 0.038723 0.106474
5 0.411073 0.775448 0.085734 0.140879
5 0.484783 0.743384 0.063859 0.108103
3 0.551155 0.744910 0.073234 0.123779
4 0.625340 0.791938 0.075136 0.114414
4 0.695380 0.782471 0.060598 0.117467
0 0.530231 0.476384 0.518342 0.266287
1 0.528668 0.710403 0.402446 0.289699
