3 0.331658 0.329906 0.062772 0.130090
4 0.407948 0.363599 0.087908 0.150244
5 0.507812 0.364414 0.111821 0.161238
4 0.623234 0.369809 0.121196 0.175285
3 0.723573 0.393322 0.077310 0.128257
3 0.795177 0.378461 0.061549 0.127036
4 0.340014 0.651771 0.064810 0.128461
4 0.410598 0.683836 0.076359 0.114414
4 0.490014 0.693200 0.082473 0.123779
3 0.574660 0.703379 0.088723 0.122150
4 0.660326 0.706535 0.082609 0.112581
4 0.737636 0.716002 0.067935 0.140879
0 0.563111 0.412866 0.525679 0.305375
1 0.540217 0.637622 0.469293 0.294381
