3 0.295584 0.417549 0.086821 0.123779
5 0.386481 0.437195 0.090897 0.112581
3 0.491101 0.445033 0.111821 0.168974
4 0.604416 0.455110 0.116984 0.167549
2 0.705299 0.474043 0.084783 0.145562
3 0.780027 0.482594 0.069022 0.125204
3 0.357812 0.749695 0.085734 0.126832
4 0.440829 0.770053 0.078397 0.126832
4 0.516644 0.777789 0.068886 0.117467
3 0.586685 0.800489 0.077446 0.116042
3 0.657745 0.809141 0.073098 0.108103
3 0.730910 0.827871 0.071060 0.114210
0 0.533899 0.504479 0.563451 0.303746
1 0.540693 0.741755 0.457745 0.292956
