4 0.279348 0.420704 0.075272 0.095480
5 0.364606 0.402687 0.090897 0.112785
4 0.470109 0.397191 0.122283 0.133143
4 0.589810 0.404316 0.117120 0.140879
4 0.687568 0.442691 0.078397 0.139454
4 0.761753 0.470073 0.069973 0.134772
4 0.314946 0.698697 0.079348 0.109528
4 0.394905 0.704194 0.078397 0.107899
4 0.475883 0.706535 0.077310 0.112581
3 0.555842 0.722211 0.080435 0.119096
3 0.635734 0.722211 0.081522 0.112581
4 0.713179 0.755090 0.069022 0.125407
0 0.518750 0.485749 0.558152 0.319625
1 0.511957 0.673656 0.473370 0.297638
