3 0.271535 0.362785 0.072147 0.095684
3 0.355163 0.370623 0.092935 0.104845
4 0.459715 0.368282 0.118071 0.144137
4 0.580910 0.372964 0.126495 0.153502
3 0.685937 0.388640 0.079484 0.112785
3 0.758084 0.411340 0.060734 0.095480
4 0.331182 0.650143 0.078397 0.106474
4 0.410530 0.652586 0.078397 0.108103
3 0.488927 0.667345 0.076223 0.112785
3 0.567867 0.672842 0.079484 0.120521
3 0.649389 0.670501 0.083560 0.128461
3 0.727785 0.674369 0.071060 0.117467
0 0.510870 0.416022 0.550815 0.261604
1 0.528668 0.619707 0.473370 0.233306
