4 0.301902 0.430171 0.034511 0.079805
4 0.356793 0.405843 0.081522 0.119096
5 0.450815 0.441164 0.104620 0.123779
4 0.562160 0.453583 0.111821 0.133143
3 0.661345 0.478726 0.084647 0.114210
4 0.735122 0.475570 0.064810 0.120521
4 0.342663 0.698697 0.082609 0.118893
4 0.423098 0.693200 0.074185 0.123779
3 0.496807 0.712032 0.079484 0.117467
4 0.574117 0.727708 0.073234 0.126832
4 0.646739 0.735546 0.067935 0.105049
5 0.709986 0.737887 0.058560 0.119096
0 0.526563 0.475570 0.483832 0.274023
1 0.521875 0.672842 0.443207 0.261401
