3 0.314402 0.408184 0.072011 0.111156
4 0.396467 0.421519 0.089946 0.147191
3 0.496264 0.418363 0.109647 0.150244
3 0.608084 0.416124 0.109647 0.151873
4 0.698505 0.456739 0.071196 0.123575
4 0.776902 0.472414 0.083696 0.123575
3 0.348370 0.738701 0.077446 0.108103
4 0.427242 0.747252 0.078397 0.112581
3 0.502514 0.751221 0.069973 0.111156
3 0.573573 0.766897 0.072147 0.111156
3 0.648370 0.773921 0.073098 0.119096
3 0.722011 0.802015 0.076359 0.119096
0 0.549524 0.481067 0.540353 0.303746
1 0.533899 0.716714 0.456658 0.292956
