4 0.250679 0.372964 0.065761 0.112785
5 0.330571 0.383958 0.096196 0.134772
4 0.439810 0.405029 0.120109 0.167549
5 0.565761 0.408998 0.121196 0.147394
3 0.671875 0.428542 0.088859 0.120521
2 0.751766 0.423860 0.069022 0.123779
5 0.316033 0.678339 0.081522 0.134772
4 0.399592 0.686991 0.081522 0.126832
4 0.479008 0.677524 0.077310 0.111156
4 0.554755 0.694829 0.074185 0.101792
3 0.629552 0.708062 0.077310 0.131515
5 0.712568 0.715900 0.090897 0.125204
0 0.503057 0.445745 0.572690 0.261604
1 0.518750 0.654112 0.482880 0.261401
