3 0.280503 0.393322 0.071060 0.134772
3 0.356726 0.369910 0.079484 0.131515
4 0.458628 0.366755 0.120245 0.150448
5 0.577785 0.381616 0.115897 0.164292
3 0.679688 0.419992 0.087908 0.144137
4 0.756522 0.446559 0.063859 0.137826
3 0.333220 0.721397 0.076223 0.130090
4 0.417323 0.718241 0.085734 0.133143
5 0.491576 0.720684 0.066848 0.122150
5 0.563179 0.722923 0.074185 0.123779
4 0.634239 0.743384 0.067935 0.130090
4 0.704755 0.771478 0.073098 0.126832
0 0.515625 0.459894 0.543478 0.346091
1 0.519293 0.683836 0.448370 0.305375
