4 0.290421 0.368282 0.063723 0.116042
4 0.360870 0.377748 0.075272 0.137826
4 0.460734 0.362072 0.124457 0.156555
3 0.589810 0.365126 0.127446 0.159813
4 0.701155 0.389353 0.093071 0.136197
4 0.782133 0.394137 0.073234 0.123779
4 0.349389 0.707248 0.083560 0.133143
5 0.431997 0.701853 0.077310 0.131718
3 0.510394 0.716714 0.077310 0.126832
4 0.593954 0.719870 0.083560 0.136401
3 0.676019 0.727708 0.080571 0.123575
4 0.751291 0.726079 0.065897 0.130090
0 0.538111 0.430884 0.561277 0.300692
1 0.546399 0.661950 0.479755 0.267712
