2 0.327514 0.350570 0.073234 0.101792
2 0.405978 0.356779 0.088315 0.114210
2 0.505571 0.371437 0.109511 0.137011
2 0.622215 0.392406 0.116168 0.151669
2 0.717663 0.403094 0.074728 0.136808
3 0.791304 0.437602 0.075543 0.124389
4 0.368207 0.731067 0.064130 0.132329
3 0.439538 0.744096 0.078533 0.131107
3 0.513111 0.759365 0.070245 0.120928
2 0.579620 0.771783 0.064130 0.100570
4 0.650543 0.768424 0.080707 0.105252
3 0.726019 0.763335 0.068614 0.104031
0 0.559579 0.439841 0.538995 0.278298
1 0.545177 0.690961 0.422690 0.262215
