3 0.333220 0.340798 0.074321 0.142508
4 0.411073 0.397292 0.077310 0.139454
4 0.509375 0.397292 0.121196 0.154927
3 0.624253 0.418363 0.104484 0.150244
4 0.715693 0.439536 0.078397 0.105049
3 0.791033 0.411340 0.076359 0.136197
4 0.364606 0.665004 0.076223 0.130090
3 0.442391 0.685464 0.081522 0.133143
2 0.518750 0.701853 0.069022 0.112581
3 0.589810 0.721397 0.075272 0.108103
4 0.664538 0.743282 0.067935 0.111156
3 0.733492 0.753563 0.072147 0.119096
0 0.564742 0.430884 0.535190 0.319422
1 0.547486 0.659507 0.450408 0.319422
