2 0.278397 0.439332 0.070109 0.107492
2 0.355367 0.452362 0.086821 0.117671
2 0.453125 0.455110 0.105707 0.130090
2 0.561073 0.456331 0.114810 0.125611
2 0.660734 0.469870 0.078533 0.125407
2 0.737364 0.483408 0.068750 0.118689
3 0.338043 0.706840 0.085326 0.133550
3 0.418410 0.709589 0.080027 0.123168
3 0.494701 0.719870 0.067935 0.107492
3 0.562568 0.722618 0.069429 0.112989
4 0.632065 0.723229 0.070924 0.102809
4 0.701427 0.732288 0.069429 0.116450
0 0.508628 0.507736 0.533560 0.241857
1 0.515829 0.679662 0.443886 0.230660
