5 0.310870 0.376018 0.067120 0.107492
3 0.385598 0.371437 0.088315 0.127647
3 0.489334 0.381616 0.120788 0.143526
3 0.606793 0.388945 0.118478 0.153705
4 0.708288 0.417243 0.078533 0.128868
5 0.781454 0.420704 0.058832 0.128868
4 0.338043 0.694931 0.071739 0.109731
5 0.406726 0.707349 0.071603 0.093852
4 0.479959 0.714678 0.076223 0.099552
3 0.553193 0.718648 0.073234 0.103013
5 0.627514 0.734019 0.072418 0.124389
4 0.695109 0.758856 0.064130 0.119910
0 0.545245 0.460200 0.537500 0.314536
1 0.515761 0.682512 0.427174 0.277077
