3 0.576630 0.379377 0.132065 0.109731
3 0.449457 0.363599 0.116304 0.132329
5 0.305231 0.351588 0.104212 0.146987
4 0.370177 0.423555 0.080027 0.093852
4 0.667595 0.426914 0.083016 0.091612
5 0.744226 0.353929 0.092799 0.117467
5 0.572079 0.765574 0.079212 0.104031
5 0.655774 0.770257 0.079212 0.104031
5 0.726834 0.779214 0.079212 0.104031
5 0.494361 0.766796 0.079212 0.104031
5 0.409035 0.767814 0.079212 0.104031
5 0.326698 0.765574 0.079212 0.104031
1 0.527174 0.699919 0.477174 0.285016
0 0.523370 0.433123 0.540489 0.319015
