2 0.307065 0.429662 0.079348 0.115432
2 0.394293 0.421213 0.095109 0.107492
4 0.506318 0.396885 0.130571 0.124389
2 0.633560 0.416735 0.125272 0.123371
3 0.742255 0.437704 0.092120 0.122150
3 0.819633 0.475468 0.068614 0.123168
4 0.347486 0.757125 0.074049 0.114414
4 0.427853 0.735647 0.083696 0.121132
4 0.508967 0.747557 0.081522 0.133550
4 0.587908 0.767814 0.080707 0.108510
3 0.666372 0.761706 0.080842 0.118689
3 0.738111 0.759874 0.065625 0.119910
0 0.561821 0.494707 0.588859 0.324511
1 0.541101 0.685871 0.462636 0.272394
