5 0.326359 0.384467 0.078533 0.117467
5 0.396467 0.412765 0.067935 0.112989
6 0.486005 0.404723 0.123098 0.142508
4 0.606046 0.412154 0.113995 0.118689
3 0.701495 0.398107 0.078533 0.119910
3 0.772079 0.393526 0.068614 0.101792
6 0.355774 0.754886 0.088995 0.123371
6 0.430910 0.713050 0.056658 0.102809
4 0.490829 0.736156 0.066440 0.101792
4 0.558084 0.733917 0.069429 0.106270
5 0.629348 0.736767 0.074728 0.123371
5 0.712092 0.748575 0.098098 0.138029
0 0.545584 0.453990 0.515625 0.261401
1 0.536549 0.688111 0.452174 0.270358
