3 0.274185 0.432410 0.056522 0.112785
2 0.329076 0.448901 0.053261 0.079805
5 0.411617 0.439536 0.109647 0.148616
5 0.531793 0.445745 0.124457 0.126832
3 0.636277 0.473229 0.082609 0.119096
3 0.705842 0.495928 0.056522 0.120521
4 0.305503 0.709691 0.071060 0.087541
3 0.371399 0.701038 0.056386 0.089373
4 0.438791 0.714373 0.078397 0.106678
4 0.516101 0.734731 0.072147 0.109528
5 0.593478 0.732390 0.080435 0.117467
3 0.661413 0.748066 0.055435 0.114210
0 0.491576 0.498270 0.489130 0.275448
1 0.480571 0.696458 0.423370 0.223941
