3 0.306114 0.379988 0.067935 0.117467
4 0.384918 0.395664 0.087772 0.120725
4 0.492120 0.383143 0.128533 0.142508
4 0.622215 0.379988 0.131658 0.136197
5 0.729891 0.405029 0.087772 0.126832
4 0.812432 0.380090 0.075136 0.133143
3 0.340014 0.675183 0.066984 0.106474
4 0.411617 0.680680 0.069973 0.114210
3 0.488451 0.687805 0.081522 0.115839
4 0.570448 0.687704 0.086821 0.109528
5 0.655095 0.683836 0.078397 0.117264
3 0.736685 0.672842 0.086685 0.111156
0 0.561617 0.428542 0.578940 0.255293
1 0.546399 0.637622 0.477582 0.225570
