5 0.298777 0.448901 0.080707 0.126629
4 0.379891 0.456230 0.078533 0.127850
4 0.480707 0.443811 0.121467 0.125407
4 0.599592 0.447272 0.119293 0.136808
3 0.705978 0.461930 0.098098 0.116450
3 0.787568 0.451751 0.069429 0.114414
5 0.334647 0.755904 0.073913 0.111971
5 0.411277 0.762215 0.080707 0.138029
5 0.489742 0.782573 0.080842 0.119707
5 0.569022 0.781352 0.077717 0.122150
6 0.648234 0.780334 0.085326 0.108713
5 0.728261 0.773514 0.077717 0.124389
0 0.539946 0.504886 0.561685 0.245521
1 0.532745 0.716409 0.468750 0.261401
