2 0.275340 0.349959 0.079212 0.111971
3 0.357269 0.356678 0.086005 0.096091
3 0.468614 0.348229 0.133696 0.140269
3 0.606726 0.354540 0.138179 0.159406
3 0.717323 0.361360 0.080027 0.111971
4 0.793207 0.344870 0.067120 0.122150
4 0.351630 0.637826 0.080707 0.113192
5 0.430910 0.648616 0.073234 0.107492
5 0.507133 0.668872 0.076223 0.100774
5 0.585598 0.677423 0.077717 0.119910
5 0.663383 0.675183 0.080842 0.108510
4 0.736617 0.665513 0.070245 0.100570
0 0.533560 0.401466 0.597011 0.255700
1 0.542255 0.615126 0.461957 0.246539
