4 0.314606 0.324511 0.094429 0.122150
4 0.388995 0.387826 0.054348 0.097313
3 0.473845 0.373168 0.113995 0.110749
3 0.584103 0.374796 0.113859 0.116450
3 0.684918 0.393526 0.084511 0.106270
4 0.766780 0.381616 0.077853 0.125611
5 0.390897 0.699410 0.061141 0.093852
5 0.455435 0.718750 0.070924 0.093852
3 0.527853 0.721498 0.070924 0.094870
3 0.592052 0.705619 0.063451 0.090391
4 0.658084 0.744707 0.070245 0.111971
5 0.725204 0.743587 0.062636 0.109731
0 0.540693 0.416124 0.550951 0.300896
1 0.556929 0.674572 0.394837 0.259161
