3 0.258832 0.428542 0.074728 0.110749
2 0.333492 0.445542 0.073234 0.092630
3 0.431997 0.429764 0.116168 0.117671
3 0.545992 0.435973 0.113179 0.125611
3 0.643410 0.469870 0.083016 0.111971
4 0.722215 0.479438 0.067255 0.090391
4 0.298370 0.739007 0.070924 0.098534
4 0.370448 0.752036 0.070245 0.113192
4 0.438859 0.798962 0.067935 0.107288
4 0.508288 0.793872 0.067935 0.110953
4 0.576562 0.818200 0.064266 0.116450
5 0.641101 0.824410 0.061821 0.110953
0 0.488179 0.504988 0.536685 0.277077
1 0.471264 0.738498 0.427310 0.298656
