3 0.281454 0.313721 0.083832 0.120928
2 0.371603 0.328481 0.090489 0.102809
2 0.479144 0.323392 0.127582 0.112989
3 0.605571 0.327871 0.132880 0.135790
3 0.718478 0.351690 0.091304 0.099552
3 0.798845 0.340900 0.063451 0.114210
3 0.308560 0.633347 0.077717 0.106270
3 0.392323 0.622048 0.089810 0.099552
2 0.479212 0.634976 0.085326 0.096091
2 0.561481 0.634467 0.076223 0.104031
3 0.643682 0.640574 0.100408 0.114210
4 0.733560 0.669483 0.073098 0.119910
0 0.535462 0.378766 0.594837 0.251018
1 0.520720 0.600468 0.500408 0.266897
