3 0.271943 0.327362 0.099592 0.161645
3 0.358424 0.401975 0.070109 0.127647
2 0.455774 0.395765 0.124592 0.165309
2 0.578057 0.413375 0.121603 0.150448
2 0.679620 0.430273 0.084511 0.116653
3 0.764130 0.399735 0.084511 0.127647
3 0.294293 0.692081 0.088315 0.133347
3 0.382133 0.714678 0.093614 0.135790
3 0.473166 0.739007 0.080842 0.143730
4 0.559986 0.758245 0.086821 0.130090
4 0.643750 0.749186 0.082337 0.127850
4 0.724117 0.740126 0.075408 0.139047
0 0.514334 0.422842 0.582745 0.350570
1 0.506318 0.679051 0.513995 0.297435
