3 0.291984 0.434752 0.068750 0.080415
5 0.374660 0.427423 0.090625 0.088151
5 0.482948 0.432003 0.121603 0.142508
5 0.596535 0.441572 0.102582 0.111971
4 0.692391 0.429153 0.092120 0.125407
4 0.771332 0.433123 0.064130 0.092630
5 0.359511 0.697781 0.075543 0.108510
5 0.435054 0.715798 0.075543 0.117671
4 0.515761 0.728318 0.087500 0.110953
4 0.596875 0.720379 0.074728 0.092630
3 0.665625 0.707349 0.062772 0.109731
4 0.727514 0.701140 0.058016 0.090391
0 0.531658 0.479540 0.549457 0.246539
1 0.541508 0.674064 0.436277 0.228420
