3 0.256861 0.372048 0.074049 0.108510
5 0.337976 0.360138 0.086821 0.116450
3 0.443342 0.354438 0.125272 0.120928
4 0.570516 0.366958 0.121467 0.141490
5 0.672011 0.403094 0.084511 0.120928
3 0.749049 0.424064 0.064946 0.115228
4 0.234579 0.672842 0.070245 0.101792
4 0.312364 0.675081 0.085326 0.113192
4 0.425951 0.694320 0.095109 0.110953
5 0.519565 0.700631 0.090489 0.125611
5 0.632405 0.718139 0.092799 0.108510
5 0.713587 0.737887 0.078533 0.127647
0 0.500340 0.446050 0.562364 0.311075
1 0.474660 0.646274 0.548777 0.304357
