3 0.321060 0.382227 0.075543 0.115432
3 0.396196 0.408693 0.071739 0.089373
4 0.495041 0.392406 0.122962 0.131311
4 0.609375 0.428542 0.105707 0.106270
3 0.688655 0.442081 0.055842 0.115432
3 0.738859 0.454601 0.044565 0.094870
5 0.338791 0.763335 0.067255 0.104031
5 0.408628 0.782064 0.072418 0.105252
4 0.486413 0.788172 0.081522 0.108510
5 0.570177 0.795094 0.080027 0.119910
5 0.651291 0.810871 0.077853 0.110749
4 0.724864 0.788783 0.078533 0.107288
0 0.521467 0.473738 0.474728 0.300896
1 0.532405 0.729947 0.452853 0.286034
