5 0.308560 0.455721 0.071739 0.144748
5 0.383356 0.486767 0.073234 0.120928
3 0.479212 0.462439 0.118478 0.124389
3 0.586753 0.477199 0.104212 0.115228
3 0.677310 0.467529 0.078533 0.109731
3 0.758832 0.417752 0.078533 0.111971
5 0.344090 0.735647 0.068614 0.109731
5 0.410870 0.731067 0.067935 0.116450
5 0.476902 0.750916 0.067120 0.108510
4 0.544497 0.745216 0.074049 0.124389
4 0.611617 0.745318 0.063451 0.122150
4 0.678057 0.752545 0.083016 0.118689
0 0.539946 0.496946 0.525272 0.279316
1 0.516576 0.700020 0.410598 0.221702
