3 0.315353 0.385586 0.067120 0.099349
4 0.398370 0.396274 0.098913 0.125611
3 0.497283 0.416633 0.109511 0.125611
3 0.608288 0.417243 0.115489 0.124389
4 0.709783 0.431393 0.083152 0.103013
4 0.786753 0.420603 0.074049 0.117671
4 0.368954 0.697679 0.065625 0.101792
4 0.437296 0.715798 0.069429 0.106270
3 0.506386 0.713559 0.064130 0.106270
3 0.573913 0.738396 0.066304 0.101792
5 0.641848 0.737378 0.069565 0.117671
5 0.703397 0.723229 0.055163 0.121132
0 0.552785 0.456840 0.552582 0.257736
1 0.535462 0.667243 0.404620 0.262419
