5 0.270516 0.477199 0.067935 0.104235
5 0.348641 0.489617 0.091304 0.106270
4 0.452038 0.502647 0.123098 0.136808
5 0.582269 0.501018 0.134375 0.138029
5 0.692391 0.499186 0.095109 0.107492
5 0.776223 0.483408 0.073913 0.096295
5 0.324389 0.813111 0.076223 0.110749
4 0.398030 0.810261 0.072418 0.100570
3 0.472418 0.821661 0.074728 0.111971
5 0.552446 0.825020 0.088315 0.118689
5 0.632405 0.831230 0.076223 0.108713
4 0.709375 0.824410 0.077717 0.124389
0 0.525951 0.561482 0.577446 0.281759
1 0.521399 0.762826 0.470245 0.245521
