3 0.318410 0.398005 0.071603 0.088355
3 0.395380 0.381107 0.083696 0.092834
2 0.499932 0.360138 0.114810 0.111971
2 0.618478 0.349959 0.122283 0.123371
2 0.716916 0.387826 0.076223 0.113192
2 0.790217 0.405436 0.071739 0.098331
3 0.359171 0.679153 0.076223 0.087134
3 0.432745 0.677932 0.067935 0.107492
3 0.503736 0.652993 0.072418 0.114210
4 0.583696 0.660423 0.089130 0.129072
4 0.662228 0.671213 0.066304 0.111971
4 0.739198 0.674572 0.086005 0.121132
0 0.554280 0.421213 0.547962 0.270358
1 0.553940 0.608917 0.462772 0.263436
