5 0.602649 0.392712 0.127038 0.117264
4 0.474660 0.398819 0.127038 0.117264
4 0.350476 0.380700 0.099049 0.105456
4 0.709307 0.436889 0.099049 0.105456
3 0.788043 0.460403 0.053533 0.097109
4 0.255367 0.391287 0.099049 0.105456
4 0.570652 0.720888 0.085598 0.100570
4 0.490353 0.720888 0.076902 0.103013
4 0.398370 0.713762 0.076902 0.103013
4 0.655707 0.730660 0.076902 0.103013
5 0.312024 0.696865 0.099049 0.105456
4 0.733288 0.744910 0.076902 0.103013
1 0.521875 0.675285 0.513859 0.263436
0 0.507880 0.459792 0.612228 0.273005
