4 0.375000 0.344259 0.070109 0.091612
4 0.452038 0.363498 0.082337 0.109731
3 0.552785 0.372557 0.117799 0.116450
3 0.679620 0.385586 0.135870 0.104235
2 0.789810 0.384976 0.090489 0.100570
3 0.868342 0.390676 0.064946 0.114414
5 0.396875 0.659914 0.071739 0.098331
5 0.472826 0.654214 0.081522 0.098331
4 0.553533 0.670094 0.084511 0.114210
4 0.634715 0.663783 0.079212 0.119910
4 0.716236 0.675692 0.083832 0.100570
3 0.795856 0.688213 0.074049 0.109731
0 0.620720 0.420603 0.561549 0.248779
1 0.599185 0.623168 0.473370 0.248779
