4 0.593410 0.378970 0.110190 0.087337
3 0.473573 0.375305 0.110190 0.087337
5 0.281658 0.398107 0.084783 0.089780
5 0.369565 0.381413 0.084783 0.089780
5 0.693342 0.400550 0.084783 0.089780
5 0.781250 0.417447 0.084783 0.089780
5 0.545448 0.712439 0.071875 0.093445
5 0.466236 0.704092 0.071875 0.093445
5 0.622894 0.730558 0.071875 0.093445
5 0.706046 0.735444 0.071875 0.093445
6 0.390285 0.707757 0.071875 0.093445
5 0.315965 0.702871 0.071875 0.093445
1 0.513927 0.669992 0.456386 0.262215
0 0.534307 0.445440 0.591440 0.225163
