5 0.326359 0.390167 0.078533 0.104031
4 0.407473 0.401364 0.088315 0.099552
4 0.513519 0.404316 0.120788 0.111971
4 0.635054 0.420094 0.122283 0.107288
4 0.736957 0.429153 0.083152 0.084691
3 0.814674 0.426303 0.070924 0.110749
5 0.362568 0.727097 0.075408 0.088151
5 0.444837 0.720379 0.086141 0.097109
4 0.527514 0.723229 0.073234 0.105252
5 0.601834 0.734019 0.075408 0.104031
4 0.675068 0.735138 0.074049 0.101792
4 0.743003 0.754784 0.064810 0.114210
0 0.569361 0.457451 0.566168 0.238599
1 0.549796 0.689841 0.452853 0.257940
