5 0.290421 0.394035 0.076223 0.114210
5 0.368546 0.412765 0.080027 0.110953
5 0.460666 0.403196 0.104212 0.134568
5 0.569361 0.389454 0.110190 0.132329
3 0.670584 0.405436 0.096603 0.130090
3 0.757745 0.419585 0.077717 0.126629
5 0.333084 0.710810 0.072418 0.105252
6 0.402582 0.736156 0.067935 0.101792
6 0.471196 0.747455 0.067935 0.104031
5 0.542188 0.750814 0.075408 0.122150
4 0.617663 0.748575 0.075543 0.117671
4 0.695788 0.750305 0.077717 0.123168
0 0.527514 0.451242 0.545788 0.266897
1 0.517663 0.680782 0.436957 0.262215
