3 0.303668 0.460810 0.061957 0.109731
2 0.376155 0.459691 0.083016 0.100570
3 0.481454 0.449511 0.130571 0.116450
3 0.607473 0.451242 0.126087 0.119910
3 0.715489 0.464678 0.088315 0.104031
3 0.789810 0.477199 0.061957 0.099349
4 0.366372 0.719768 0.072418 0.109731
4 0.439946 0.732797 0.074728 0.108510
4 0.515829 0.731678 0.072418 0.108713
4 0.591644 0.741857 0.083832 0.126629
4 0.665217 0.747455 0.067935 0.108510
4 0.740353 0.764963 0.079348 0.109731
0 0.546332 0.507227 0.550272 0.236360
1 0.553533 0.705721 0.442391 0.242060
