4 0.282948 0.422333 0.041440 0.089373
4 0.345584 0.425692 0.080842 0.100570
3 0.442188 0.443302 0.111005 0.110953
3 0.553872 0.444931 0.113995 0.114210
4 0.653193 0.454601 0.087636 0.094870
4 0.726359 0.465289 0.060326 0.077972
4 0.318071 0.662052 0.070924 0.096091
4 0.385190 0.688111 0.064946 0.105049
3 0.455027 0.693811 0.076359 0.116450
3 0.528668 0.700020 0.070924 0.097109
3 0.598437 0.722618 0.065625 0.099552
4 0.664062 0.715289 0.076223 0.107288
0 0.508628 0.496437 0.497418 0.239617
1 0.491984 0.653094 0.420380 0.250000
