3 0.285598 0.414393 0.067935 0.114210
3 0.352717 0.434243 0.070924 0.097313
2 0.441033 0.425183 0.114674 0.137826
2 0.553125 0.450122 0.104891 0.122150
2 0.641440 0.463050 0.071739 0.096295
2 0.716984 0.457960 0.077717 0.106474
4 0.307812 0.748066 0.073234 0.096295
4 0.380707 0.756006 0.073913 0.080415
3 0.449728 0.746336 0.068750 0.117671
4 0.528193 0.751527 0.086821 0.118689
3 0.610190 0.765065 0.078533 0.100570
4 0.686005 0.785322 0.071739 0.093852
0 0.505978 0.492467 0.507337 0.272394
1 0.497283 0.715289 0.455163 0.245318
