4 0.339470 0.431494 0.069429 0.088151
5 0.415353 0.431494 0.085326 0.115432
6 0.519158 0.403298 0.116304 0.131107
5 0.635394 0.408388 0.113179 0.123371
5 0.731658 0.419076 0.071739 0.104031
5 0.799932 0.444524 0.060462 0.084894
5 0.417255 0.716612 0.076902 0.085912
6 0.491576 0.715391 0.067120 0.101792
5 0.565965 0.723331 0.083016 0.097313
5 0.642188 0.723331 0.069429 0.110749
6 0.709715 0.716002 0.068614 0.127850
6 0.784103 0.766897 0.075543 0.129886
0 0.568207 0.465391 0.526902 0.264658
1 0.600272 0.700733 0.441576 0.280537
