4 0.250476 0.526568 0.069429 0.099552
3 0.331182 0.535016 0.088995 0.103013
2 0.438383 0.542956 0.117799 0.132329
2 0.560666 0.555273 0.120788 0.134568
2 0.664810 0.581331 0.086141 0.127647
3 0.742188 0.594971 0.070245 0.118689
5 0.312296 0.792243 0.087636 0.133347
5 0.397215 0.796213 0.083832 0.120928
4 0.477242 0.818302 0.077853 0.112989
4 0.549728 0.814943 0.071739 0.106270
4 0.637976 0.833571 0.103397 0.137011
5 0.722554 0.830110 0.070109 0.114210
0 0.497215 0.618180 0.566168 0.287256
1 0.514266 0.790004 0.488315 0.237581
