0 0.371875 0.389149 0.589130 0.308021
1 0.385937 0.571763 0.542799 0.253054
2 0.292867 0.345888 0.127853 0.125407
3 0.421196 0.353115 0.125543 0.113803
4 0.186549 0.333876 0.081793 0.107492
5 0.529416 0.360037 0.090897 0.102402
6 0.465761 0.640778 0.100272 0.097109
4 0.618886 0.366551 0.077989 0.100774
4 0.108696 0.332757 0.064402 0.106067
4 0.148030 0.622659 0.064266 0.115839
5 0.219565 0.633856 0.075815 0.112581
5 0.298913 0.638742 0.078533 0.102809
5 0.376834 0.646274 0.072962 0.087744
4 0.550611 0.635586 0.074321 0.096498
