6 0.306658 0.406555 0.076359 0.131107
5 0.389742 0.422435 0.089810 0.140065
4 0.493478 0.428135 0.122283 0.138029
4 0.621807 0.429764 0.123777 0.145765
3 0.735394 0.433734 0.106386 0.151669
3 0.829008 0.427524 0.080842 0.148208
6 0.340625 0.691572 0.070109 0.138029
6 0.417663 0.735749 0.088315 0.133550
5 0.506658 0.756107 0.085326 0.122150
5 0.592799 0.758958 0.088315 0.141287
5 0.680707 0.765778 0.092120 0.150448
5 0.773573 0.754988 0.096603 0.144748
0 0.570788 0.503359 0.604620 0.317793
1 0.560666 0.697272 0.513179 0.293974
