5 0.134918 0.307614 0.086141 0.120928
4 0.216848 0.339882 0.077717 0.112989
2 0.322147 0.363599 0.129891 0.131107
2 0.450815 0.366450 0.126087 0.139251
4 0.559103 0.381718 0.092120 0.129072
5 0.650883 0.368689 0.086821 0.103013
6 0.168207 0.587541 0.081522 0.138029
5 0.245177 0.617569 0.080027 0.123168
4 0.327785 0.648005 0.089810 0.116450
3 0.410054 0.659406 0.077717 0.118893
6 0.490829 0.654825 0.085190 0.123168
5 0.577989 0.638436 0.089130 0.115228
0 0.395380 0.403807 0.608424 0.317793
1 0.373437 0.586930 0.495245 0.279316
