6 0.268478 0.426507 0.095109 0.103013
6 0.347011 0.422435 0.064946 0.097313
6 0.438383 0.367060 0.117799 0.133550
6 0.559511 0.392508 0.121467 0.152687
6 0.649728 0.436584 0.061957 0.109731
6 0.712364 0.427524 0.063315 0.127850
6 0.308560 0.727300 0.060326 0.098331
6 0.376834 0.723432 0.076223 0.119910
6 0.448573 0.732390 0.068614 0.135790
5 0.519905 0.752239 0.069429 0.123371
6 0.585938 0.754988 0.064266 0.133347
5 0.658832 0.758958 0.084511 0.161645
0 0.481046 0.446763 0.515625 0.301914
1 0.492391 0.695033 0.425000 0.300896
