6 0.282473 0.406657 0.082337 0.140269
5 0.368207 0.425896 0.087500 0.138029
4 0.470448 0.428644 0.118614 0.145969
4 0.601359 0.434853 0.135870 0.158388
3 0.721807 0.432614 0.103397 0.158388
4 0.813179 0.427524 0.074728 0.159609
6 0.313859 0.697883 0.081522 0.152687
6 0.392323 0.728929 0.084647 0.137826
5 0.478736 0.753868 0.089810 0.162866
5 0.564402 0.752138 0.084511 0.150448
5 0.654959 0.761706 0.096603 0.165106
6 0.748573 0.753766 0.090625 0.149226
0 0.544769 0.497659 0.609918 0.326751
1 0.532337 0.691063 0.518478 0.310871
