6 0.302446 0.385688 0.089946 0.136197
6 0.386617 0.370827 0.090897 0.137826
5 0.497894 0.385586 0.125408 0.151873
5 0.624389 0.395867 0.125408 0.169178
5 0.732541 0.401262 0.093071 0.173860
5 0.821332 0.405232 0.086685 0.184650
5 0.305571 0.723127 0.079348 0.131515
5 0.383967 0.720073 0.079348 0.131515
6 0.464470 0.731779 0.077310 0.139454
5 0.543886 0.736360 0.081522 0.133143
5 0.619090 0.739617 0.064810 0.129886
5 0.699592 0.756107 0.085598 0.122150
0 0.558016 0.437296 0.611413 0.305375
1 0.505707 0.681596 0.477717 0.292752
