5 0.300611 0.447374 0.065625 0.124389
6 0.368954 0.440656 0.072418 0.115432
6 0.466304 0.429255 0.122283 0.131311
6 0.588995 0.429866 0.123098 0.127647
4 0.696875 0.458164 0.085326 0.139047
4 0.770109 0.494910 0.065761 0.126629
6 0.310802 0.744809 0.064810 0.108510
6 0.379416 0.768017 0.072418 0.109731
6 0.456454 0.752138 0.077038 0.130090
5 0.535054 0.762928 0.081522 0.108510
5 0.614266 0.761197 0.075543 0.127850
6 0.691984 0.772598 0.075543 0.132329
0 0.534579 0.501120 0.535190 0.292956
1 0.503261 0.722211 0.454348 0.242060
