4 0.266984 0.417345 0.070924 0.100570
3 0.345516 0.423046 0.084511 0.107492
2 0.458356 0.421824 0.136549 0.132329
2 0.589674 0.446254 0.126087 0.142508
2 0.695380 0.467121 0.083696 0.121132
3 0.769022 0.471600 0.064946 0.123168
5 0.332677 0.682614 0.083016 0.122150
5 0.417663 0.684752 0.085326 0.124389
4 0.496467 0.696763 0.075543 0.109731
4 0.572758 0.705822 0.074049 0.111971
4 0.664062 0.740228 0.110190 0.142508
5 0.750136 0.730660 0.061957 0.107492
0 0.517595 0.504988 0.572147 0.300692
1 0.536549 0.683123 0.489130 0.265676
