5 0.287024 0.365941 0.076223 0.099552
5 0.368139 0.372150 0.086005 0.125407
6 0.475000 0.378970 0.126087 0.141490
6 0.592323 0.395867 0.107201 0.139047
5 0.690897 0.423046 0.088315 0.139251
4 0.767459 0.429866 0.061821 0.116653
6 0.321807 0.696763 0.073234 0.121132
6 0.396128 0.693404 0.074049 0.132329
6 0.471196 0.719971 0.080707 0.153705
6 0.546671 0.720582 0.070245 0.118689
6 0.618003 0.725672 0.072418 0.144748
6 0.690829 0.727300 0.076223 0.137011
0 0.525543 0.446254 0.554891 0.282573
1 0.506658 0.656555 0.441576 0.285016
