6 0.254620 0.356372 0.101902 0.170806
5 0.311957 0.419076 0.038587 0.088151
4 0.391916 0.395969 0.116984 0.132329
4 0.507812 0.402687 0.114810 0.141287
4 0.605571 0.424165 0.076359 0.130090
5 0.677310 0.412968 0.061141 0.130090
5 0.255707 0.742569 0.093478 0.135790
6 0.342459 0.768628 0.080027 0.131311
6 0.411209 0.760179 0.063451 0.127850
6 0.475340 0.797944 0.061821 0.115432
6 0.534579 0.767406 0.052038 0.128868
6 0.605978 0.803033 0.092120 0.139047
0 0.454620 0.441164 0.503533 0.338355
1 0.431250 0.727809 0.444565 0.300896
