6 0.591304 0.258856 0.128261 0.119910
6 0.467120 0.263436 0.115489 0.126629
6 0.286005 0.224450 0.098913 0.102809
5 0.368954 0.285525 0.094429 0.098331
5 0.679959 0.305884 0.094429 0.098331
6 0.772962 0.296722 0.098913 0.102809
6 0.540693 0.681901 0.083016 0.104031
6 0.472758 0.655843 0.083016 0.104031
6 0.413111 0.660525 0.083016 0.104031
5 0.618682 0.688721 0.076223 0.097313
5 0.319905 0.719768 0.094429 0.098331
5 0.690421 0.688721 0.076223 0.097313
1 0.498437 0.631515 0.463451 0.335912
0 0.530503 0.337541 0.594158 0.326954
