4 0.265625 0.418465 0.089946 0.127647
5 0.348641 0.436584 0.079348 0.125611
4 0.445992 0.459182 0.116984 0.130090
4 0.563791 0.469361 0.118614 0.121132
4 0.663043 0.452972 0.084511 0.149430
4 0.735122 0.451853 0.067255 0.115432
4 0.308628 0.750509 0.080842 0.124389
5 0.389062 0.749796 0.088995 0.127850
4 0.469837 0.772496 0.067935 0.109731
4 0.541916 0.776466 0.076223 0.110749
5 0.616984 0.776975 0.073913 0.125611
5 0.693614 0.774226 0.079348 0.122150
0 0.501495 0.497048 0.564674 0.282777
1 0.504212 0.719361 0.468750 0.252239
