5 0.261685 0.322374 0.107065 0.134568
5 0.351970 0.398717 0.073234 0.128868
4 0.443274 0.410627 0.111005 0.132329
4 0.556861 0.424165 0.117799 0.118689
4 0.658356 0.413477 0.086821 0.106270
4 0.738451 0.394849 0.071739 0.105252
6 0.329688 0.670195 0.098234 0.131107
6 0.401766 0.637928 0.052174 0.105252
6 0.464402 0.686584 0.071739 0.114210
4 0.536481 0.677626 0.072418 0.109731
4 0.612024 0.667854 0.069429 0.119910
4 0.682609 0.691063 0.074728 0.139047
0 0.492731 0.415106 0.572147 0.326954
1 0.498777 0.643017 0.437772 0.246539
