4 0.304008 0.477911 0.074049 0.110953
4 0.386277 0.467732 0.087500 0.106474
5 0.499864 0.456433 0.142663 0.142508
5 0.636889 0.462643 0.131386 0.161849
4 0.748641 0.489108 0.087500 0.106474
4 0.830095 0.507227 0.074049 0.110953
6 0.351970 0.777077 0.092799 0.094055
6 0.437976 0.769748 0.082201 0.088355
6 0.516440 0.776466 0.074728 0.101792
6 0.596128 0.773717 0.088995 0.102809
6 0.672418 0.777586 0.064946 0.108510
6 0.746739 0.779927 0.088315 0.115228
0 0.568614 0.516897 0.601630 0.286238
1 0.548981 0.726792 0.486821 0.228420
