6 0.208492 0.220073 0.083832 0.174267
6 0.289266 0.306596 0.077717 0.168567
5 0.388927 0.340493 0.125951 0.125611
5 0.514266 0.333062 0.121467 0.122150
5 0.625204 0.324715 0.094429 0.120928
6 0.719905 0.274328 0.093614 0.153705
6 0.255367 0.722822 0.086821 0.073493
6 0.329348 0.729540 0.058152 0.062093
6 0.394565 0.736360 0.073913 0.078176
6 0.469293 0.751018 0.073913 0.062296
6 0.537228 0.741450 0.060326 0.072476
6 0.613519 0.749898 0.093614 0.060057
0 0.465897 0.336625 0.598641 0.404927
1 0.438723 0.669076 0.452174 0.248982
