6 0.196060 0.411238 0.081522 0.126629
6 0.281046 0.417956 0.089810 0.117671
4 0.391576 0.403298 0.129891 0.133550
5 0.519090 0.408998 0.120788 0.146987
6 0.622554 0.421417 0.090489 0.122150
6 0.705978 0.434344 0.071739 0.109731
6 0.228872 0.726792 0.070245 0.138029
5 0.311957 0.723432 0.097283 0.144748
5 0.402921 0.727911 0.086005 0.119910
5 0.477649 0.723941 0.063451 0.111971
6 0.553872 0.730151 0.090625 0.126832
6 0.637636 0.733612 0.086141 0.140269
0 0.447079 0.471193 0.584918 0.278298
1 0.437228 0.673555 0.486957 0.278298
