6 0.307405 0.374491 0.068614 0.093852
6 0.374592 0.356881 0.071739 0.110749
6 0.473505 0.353522 0.123098 0.115432
6 0.589334 0.361971 0.110190 0.132329
6 0.679212 0.401568 0.067935 0.125611
6 0.745177 0.409507 0.059647 0.107288
6 0.363315 0.701853 0.074728 0.104031
6 0.439130 0.699002 0.075543 0.100774
6 0.502514 0.684344 0.049864 0.125611
6 0.568954 0.737480 0.075408 0.102809
6 0.633492 0.722211 0.041440 0.086116
6 0.685870 0.760688 0.060326 0.106474
0 0.523641 0.436075 0.499728 0.276059
1 0.520245 0.670195 0.393207 0.282573
