4 0.199117 0.329805 0.083016 0.126629
4 0.284443 0.347923 0.083016 0.126629
4 0.494565 0.386808 0.112500 0.143730
4 0.594769 0.399837 0.083016 0.126629
4 0.679959 0.398819 0.083016 0.126629
4 0.260598 0.657675 0.085326 0.119910
4 0.347418 0.671315 0.085326 0.119910
5 0.347147 0.670908 0.085326 0.119910
4 0.422962 0.680476 0.085326 0.119910
4 0.497622 0.682614 0.065625 0.110749
4 0.564063 0.688314 0.065625 0.110749
4 0.641440 0.695134 0.090489 0.135790
0 0.442527 0.416327 0.566848 0.299674
1 0.451223 0.633449 0.472554 0.263640
