5 0.608967 0.426303 0.101902 0.104235
6 0.492731 0.405945 0.113995 0.129072
5 0.395788 0.408184 0.086141 0.110749
6 0.708696 0.441063 0.088315 0.135790
6 0.304823 0.401466 0.091440 0.101792
6 0.787500 0.446661 0.060326 0.110749
6 0.742255 0.750814 0.060326 0.110749
5 0.507880 0.734426 0.079348 0.109731
5 0.578804 0.731169 0.079348 0.109731
5 0.663315 0.744809 0.079348 0.109731
6 0.423234 0.727911 0.079348 0.109731
6 0.339402 0.712032 0.079348 0.109731
0 0.540353 0.484019 0.560870 0.266897
1 0.540353 0.673962 0.474728 0.271376
