6 0.435394 0.347720 0.103397 0.125407
4 0.541101 0.369809 0.103397 0.104031
5 0.644497 0.393424 0.085190 0.140269
5 0.337296 0.339068 0.085190 0.140269
5 0.258764 0.335607 0.085190 0.140269
4 0.725611 0.413884 0.072418 0.101792
6 0.361005 0.686380 0.081522 0.104031
4 0.497690 0.710708 0.063315 0.111971
4 0.432065 0.703990 0.063315 0.111971
4 0.572418 0.729031 0.063315 0.111971
4 0.647147 0.736971 0.063315 0.111971
6 0.281793 0.674572 0.083152 0.100774
1 0.460326 0.663783 0.441576 0.282777
0 0.489402 0.443811 0.543478 0.363192
