5 0.584579 0.388436 0.138179 0.142508
5 0.445720 0.370521 0.138179 0.142508
5 0.335462 0.356270 0.088315 0.134772
5 0.694022 0.415106 0.088315 0.134772
5 0.767255 0.402687 0.088315 0.134772
5 0.256114 0.344361 0.077989 0.104031
6 0.462636 0.713151 0.084511 0.106270
6 0.543342 0.726792 0.084511 0.106270
5 0.628736 0.743587 0.077038 0.135790
5 0.710258 0.734629 0.077038 0.135790
5 0.397758 0.707553 0.077038 0.135790
5 0.310258 0.677015 0.077038 0.135790
1 0.511277 0.661645 0.470380 0.304153
0 0.512772 0.421926 0.595652 0.268119
