6 0.327853 0.399226 0.103533 0.149430
6 0.509783 0.708571 0.080707 0.127647
6 0.426766 0.717630 0.082337 0.109528
6 0.344837 0.725570 0.083152 0.091612
4 0.578125 0.395867 0.135870 0.137826
4 0.445992 0.393017 0.134375 0.143526
4 0.587500 0.733408 0.085326 0.105252
5 0.675068 0.748168 0.097418 0.116450
5 0.759239 0.754988 0.084511 0.125611
5 0.692052 0.399226 0.099592 0.129072
4 0.781114 0.409406 0.075543 0.162866
6 0.239538 0.395358 0.079348 0.136808
0 0.506046 0.455314 0.630299 0.277077
1 0.552785 0.688213 0.508016 0.288477
