6 0.496196 0.373168 0.121467 0.132329
6 0.609511 0.376425 0.121467 0.132329
5 0.714742 0.430273 0.084647 0.119910
6 0.793954 0.410932 0.084647 0.119910
5 0.384171 0.373677 0.084647 0.119910
5 0.296535 0.359019 0.084647 0.119910
6 0.393546 0.743078 0.086821 0.139251
6 0.466780 0.738599 0.086821 0.139251
6 0.545312 0.748779 0.086821 0.139251
5 0.630910 0.787765 0.084647 0.119910
5 0.724389 0.786543 0.084647 0.119910
5 0.301019 0.727708 0.084647 0.119910
1 0.511277 0.691572 0.508152 0.330212
0 0.547486 0.445643 0.583560 0.306596
