6 0.455842 0.371539 0.132880 0.164088
6 0.575815 0.395257 0.116304 0.154927
6 0.478057 0.737989 0.083832 0.141287
6 0.556522 0.730049 0.077717 0.127850
6 0.395788 0.735138 0.082337 0.138029
6 0.349389 0.367060 0.088995 0.132329
6 0.676562 0.393628 0.086821 0.133347
6 0.630571 0.724450 0.074728 0.123168
6 0.319565 0.713660 0.077717 0.180985
5 0.267799 0.369809 0.081522 0.144748
5 0.748641 0.393526 0.064946 0.146987
5 0.697758 0.732288 0.065625 0.143730
0 0.504144 0.433225 0.561549 0.293974
1 0.506386 0.666226 0.452989 0.312093
