6 0.348981 0.393628 0.105027 0.174064
5 0.456182 0.392508 0.124592 0.178746
5 0.581454 0.394137 0.121603 0.173046
4 0.684103 0.395257 0.091304 0.163884
4 0.770177 0.418974 0.083832 0.197883
4 0.250136 0.397496 0.098913 0.159406
5 0.386005 0.714780 0.088315 0.135586
5 0.462160 0.725570 0.073234 0.136808
5 0.538791 0.726690 0.083016 0.125611
5 0.613179 0.734629 0.076359 0.121132
6 0.700747 0.729438 0.103397 0.106270
6 0.296943 0.719870 0.086821 0.111971
0 0.502989 0.447272 0.618207 0.320033
1 0.503668 0.650855 0.509511 0.286238
