6 0.513179 0.656555 0.078533 0.143730
6 0.600408 0.357899 0.112500 0.122150
6 0.478125 0.346702 0.112500 0.122150
6 0.375068 0.361360 0.090625 0.104235
6 0.285258 0.369300 0.090625 0.104235
6 0.690557 0.405537 0.090625 0.104235
6 0.766780 0.437296 0.090625 0.104235
6 0.584171 0.687093 0.075408 0.108713
6 0.434715 0.657777 0.075408 0.108713
6 0.355503 0.650855 0.075408 0.108713
5 0.654008 0.701242 0.059647 0.125611
5 0.718818 0.747455 0.059647 0.125611
1 0.534715 0.665004 0.424864 0.304357
0 0.527446 0.428033 0.572283 0.287256
