6 0.529823 0.333571 0.123777 0.114210
6 0.404552 0.328888 0.123777 0.114210
6 0.308899 0.308632 0.088451 0.103013
6 0.225068 0.262215 0.088451 0.103013
5 0.621875 0.358001 0.092120 0.110953
5 0.702582 0.346804 0.092120 0.110953
6 0.506046 0.669076 0.077853 0.119910
6 0.428329 0.670094 0.077853 0.119910
6 0.346807 0.657471 0.077853 0.119910
6 0.265217 0.650753 0.077989 0.119910
6 0.657677 0.691470 0.077853 0.119910
5 0.586413 0.691877 0.092120 0.110953
1 0.462908 0.616348 0.464402 0.313314
0 0.465965 0.377850 0.572962 0.335912
