5 0.470516 0.761197 0.077717 0.106270
5 0.394293 0.760077 0.074728 0.112989
6 0.605639 0.766287 0.067255 0.103013
6 0.735802 0.769035 0.066440 0.104031
5 0.445652 0.443302 0.091304 0.115432
4 0.361073 0.441673 0.085190 0.121132
4 0.548981 0.447374 0.113995 0.130090
4 0.656182 0.442182 0.103397 0.106270
4 0.745245 0.436584 0.080707 0.124389
5 0.819226 0.446763 0.073234 0.128868
5 0.669837 0.769035 0.064130 0.115432
5 0.536957 0.755497 0.064130 0.110749
0 0.585666 0.505599 0.538995 0.262419
1 0.563723 0.708062 0.410598 0.244300
