5 0.269701 0.403807 0.076359 0.123168
5 0.346060 0.422944 0.077717 0.125611
4 0.439266 0.406657 0.114674 0.140269
4 0.560734 0.413375 0.122283 0.149226
5 0.660054 0.426914 0.077717 0.122150
4 0.735530 0.420094 0.070245 0.160627
6 0.340014 0.737989 0.083832 0.122150
6 0.419973 0.757227 0.074728 0.144748
6 0.497758 0.782675 0.080842 0.157370
5 0.574728 0.781555 0.074728 0.141287
5 0.662296 0.807512 0.089810 0.159406
5 0.258356 0.747048 0.077853 0.131311
0 0.501834 0.479031 0.538995 0.296417
1 0.462228 0.734629 0.491576 0.316572
