5 0.575136 0.360749 0.108696 0.132329
5 0.456658 0.347109 0.108696 0.132329
6 0.341848 0.345480 0.089130 0.133550
5 0.675408 0.375000 0.086141 0.104235
5 0.757745 0.383958 0.086141 0.104235
5 0.254959 0.355660 0.086277 0.104235
6 0.374728 0.670704 0.082337 0.125611
6 0.453940 0.675183 0.082337 0.125611
6 0.607880 0.700631 0.074728 0.128868
6 0.540625 0.689230 0.074728 0.128868
6 0.683424 0.704092 0.068750 0.131311
5 0.292052 0.649837 0.086277 0.104235
1 0.482541 0.641796 0.468886 0.282777
0 0.509375 0.424674 0.581250 0.289495
