5 0.284783 0.389658 0.080978 0.110749
5 0.364538 0.390167 0.075543 0.105252
4 0.469769 0.404927 0.127582 0.111971
4 0.595516 0.433836 0.119293 0.122150
4 0.693274 0.459691 0.073234 0.122150
4 0.762296 0.481779 0.063451 0.109731
6 0.322962 0.659406 0.090761 0.096091
6 0.399660 0.667243 0.062636 0.109731
5 0.470924 0.687093 0.078533 0.110749
5 0.547215 0.709182 0.072418 0.109731
5 0.614334 0.720480 0.061821 0.091612
5 0.679280 0.745318 0.069429 0.105049
0 0.521060 0.486360 0.548913 0.304153
1 0.497011 0.656555 0.433967 0.280537
