5 0.592799 0.367671 0.107880 0.139251
5 0.474321 0.330415 0.107880 0.139251
6 0.353533 0.332655 0.107880 0.139251
5 0.696875 0.339373 0.107880 0.139251
5 0.250000 0.341612 0.107880 0.139251
5 0.755503 0.413579 0.066440 0.097109
5 0.661821 0.766897 0.102717 0.127850
5 0.581861 0.749491 0.066440 0.097109
5 0.442052 0.734629 0.066440 0.097109
5 0.512160 0.744809 0.066440 0.097109
5 0.379416 0.720989 0.066440 0.097109
5 0.318274 0.740126 0.066440 0.097109
0 0.491236 0.417447 0.594701 0.313314
1 0.504823 0.694015 0.439266 0.325733
