4 0.572826 0.390778 0.101087 0.095073
4 0.672486 0.402687 0.088995 0.100570
4 0.471739 0.367162 0.101087 0.095073
5 0.370177 0.381209 0.082201 0.089373
5 0.282541 0.350672 0.082201 0.089373
5 0.758084 0.384670 0.082201 0.089373
5 0.683356 0.824613 0.082201 0.089373
5 0.330095 0.775957 0.082201 0.089373
6 0.398845 0.752748 0.053668 0.104031
6 0.463655 0.769849 0.053668 0.104031
6 0.531590 0.771071 0.053668 0.104031
6 0.597690 0.794076 0.071196 0.118689
1 0.507133 0.713151 0.436277 0.305375
0 0.517663 0.469361 0.563315 0.329194
