4 0.616916 0.386808 0.122962 0.139251
5 0.483356 0.363701 0.113995 0.158184
5 0.370856 0.369401 0.113995 0.158184
4 0.709035 0.442895 0.089810 0.124389
5 0.804823 0.397700 0.113995 0.158184
5 0.270856 0.396478 0.083016 0.108510
5 0.476902 0.757329 0.076902 0.133550
5 0.400679 0.758347 0.076902 0.133550
5 0.325272 0.740228 0.076902 0.133550
5 0.554076 0.775244 0.076902 0.133550
5 0.629484 0.779723 0.076902 0.133550
4 0.705231 0.786747 0.089810 0.124389
1 0.519973 0.704703 0.458967 0.304357
0 0.546399 0.445745 0.637092 0.324715
