6 0.508696 0.334792 0.146467 0.137011
6 0.631658 0.340289 0.146467 0.137011
5 0.723437 0.402077 0.071603 0.110749
5 0.781454 0.406555 0.071603 0.110749
5 0.395720 0.384976 0.071603 0.110749
5 0.329280 0.386197 0.071603 0.110749
5 0.436617 0.687704 0.076223 0.111971
5 0.352785 0.682003 0.076223 0.111971
5 0.512840 0.710301 0.076223 0.111971
5 0.576291 0.721498 0.076223 0.111971
5 0.647215 0.721498 0.076223 0.111971
5 0.734715 0.726181 0.076223 0.111971
1 0.546060 0.662765 0.468750 0.281555
0 0.554755 0.419076 0.535870 0.314536
