5 0.579144 0.393119 0.111005 0.153909
5 0.462840 0.380700 0.111005 0.153909
5 0.351970 0.388640 0.111005 0.153909
6 0.265149 0.393628 0.067255 0.130090
6 0.677649 0.425896 0.096603 0.115228
6 0.765965 0.408998 0.096603 0.115228
5 0.639198 0.805375 0.066440 0.134772
5 0.562160 0.813314 0.066440 0.134772
5 0.484443 0.812093 0.066440 0.134772
5 0.409715 0.802932 0.066440 0.134772
5 0.333492 0.792752 0.066440 0.134772
5 0.726359 0.826344 0.104891 0.142508
1 0.541440 0.748270 0.476359 0.321050
0 0.521467 0.470582 0.578261 0.340594
