5 0.624524 0.426914 0.106386 0.122150
5 0.515149 0.423453 0.106386 0.122150
5 0.408628 0.425692 0.106386 0.122150
5 0.310530 0.416735 0.106386 0.122150
5 0.729416 0.446050 0.106386 0.122150
5 0.816236 0.467427 0.106386 0.122150
6 0.578533 0.796315 0.080707 0.114210
6 0.501495 0.798555 0.080707 0.114210
6 0.435054 0.796315 0.080707 0.114210
6 0.739946 0.842732 0.080707 0.114210
5 0.655842 0.808632 0.073913 0.123371
5 0.351766 0.779316 0.073913 0.123371
1 0.546807 0.752138 0.462636 0.326751
0 0.560326 0.503868 0.609239 0.312296
