6 0.486005 0.372659 0.129891 0.144748
6 0.615761 0.378359 0.129891 0.144748
5 0.728329 0.429764 0.091984 0.123371
5 0.809851 0.435261 0.091984 0.123371
5 0.380367 0.409202 0.091984 0.123371
5 0.289062 0.396580 0.091984 0.123371
6 0.460734 0.726079 0.088315 0.123168
6 0.532473 0.731779 0.088315 0.123168
5 0.615489 0.737989 0.070109 0.142508
5 0.685734 0.751425 0.070109 0.142508
5 0.386821 0.724349 0.070109 0.142508
5 0.317391 0.722109 0.070109 0.142508
1 0.500340 0.691673 0.436277 0.278298
0 0.549389 0.459691 0.614538 0.325733
