5 0.598845 0.410016 0.116984 0.122150
5 0.475747 0.400855 0.116984 0.122150
6 0.376495 0.441775 0.086141 0.108713
6 0.680027 0.458673 0.086141 0.108713
5 0.766372 0.376018 0.116984 0.122150
5 0.278057 0.407777 0.116984 0.122150
6 0.287500 0.786645 0.086141 0.108713
5 0.517255 0.803135 0.071739 0.123371
6 0.686821 0.825122 0.086141 0.108713
5 0.602582 0.814332 0.071739 0.123371
5 0.452310 0.798656 0.071739 0.123371
5 0.381386 0.790717 0.071739 0.123371
1 0.486685 0.744910 0.481522 0.285016
0 0.523709 0.474043 0.588723 0.322272
