5 0.605978 0.468241 0.111685 0.132329
5 0.483696 0.464984 0.111685 0.132329
5 0.374185 0.452362 0.111685 0.132329
5 0.287364 0.428542 0.111685 0.132329
5 0.716033 0.491857 0.111685 0.132329
5 0.808016 0.438721 0.111685 0.132329
6 0.579552 0.837643 0.083016 0.104031
6 0.499524 0.826242 0.083016 0.104031
6 0.407405 0.811584 0.083016 0.104031
5 0.324389 0.795195 0.080027 0.118893
5 0.659579 0.830212 0.080027 0.118893
5 0.738791 0.840391 0.080027 0.118893
1 0.524457 0.770867 0.481522 0.273819
0 0.547894 0.520358 0.640082 0.324511
