6 0.440625 0.343954 0.122283 0.163884
6 0.340217 0.331535 0.090489 0.143526
5 0.259103 0.348432 0.067120 0.102809
5 0.562568 0.363192 0.115625 0.120928
5 0.662568 0.385179 0.088995 0.106270
5 0.751698 0.379479 0.088995 0.106270
6 0.304076 0.755599 0.075543 0.143526
5 0.369701 0.768017 0.075543 0.143526
5 0.440625 0.773717 0.075543 0.143526
5 0.519158 0.774939 0.075543 0.143526
5 0.600000 0.773921 0.075543 0.143526
5 0.667120 0.779621 0.075543 0.143526
1 0.487500 0.706331 0.445380 0.307614
0 0.514674 0.438925 0.567663 0.353827
