5 0.579959 0.447476 0.116984 0.117671
5 0.456182 0.423656 0.116984 0.117671
5 0.336889 0.415717 0.116984 0.117671
5 0.237976 0.422028 0.080842 0.107492
5 0.684851 0.455008 0.080842 0.107492
6 0.764878 0.482085 0.080842 0.107492
5 0.551970 0.811686 0.070245 0.101792
5 0.482541 0.800285 0.070245 0.101792
5 0.389606 0.800285 0.070245 0.101792
5 0.305095 0.805782 0.070245 0.101792
5 0.622079 0.810464 0.070245 0.101792
5 0.690829 0.834283 0.070245 0.101792
1 0.495041 0.751629 0.466440 0.239821
0 0.501834 0.524328 0.617527 0.336930
