6 0.595448 0.388538 0.107201 0.128868
5 0.476155 0.386910 0.120788 0.159406
5 0.374592 0.370521 0.082337 0.155945
5 0.293071 0.354642 0.082337 0.155945
6 0.682609 0.410118 0.068750 0.099552
6 0.764130 0.396682 0.068750 0.099552
6 0.490489 0.769748 0.069565 0.117671
6 0.411957 0.755090 0.069565 0.117671
6 0.322894 0.733001 0.092255 0.130090
5 0.565217 0.762419 0.067935 0.120928
6 0.633152 0.774837 0.067935 0.120928
5 0.710190 0.794178 0.067935 0.120928
1 0.513927 0.709792 0.471060 0.316572
0 0.527446 0.436686 0.546467 0.326954
