5 0.608628 0.364210 0.116984 0.132329
5 0.497622 0.335912 0.116984 0.132329
4 0.383288 0.336014 0.090489 0.134568
4 0.713179 0.397089 0.090489 0.134568
5 0.810462 0.415818 0.095109 0.131311
5 0.291168 0.363905 0.095109 0.131311
5 0.495788 0.759059 0.072554 0.125611
5 0.414266 0.768017 0.072554 0.125611
5 0.331250 0.761299 0.072554 0.125611
5 0.568207 0.770460 0.072554 0.125611
5 0.630027 0.780639 0.072554 0.125611
5 0.718342 0.789800 0.072554 0.125611
1 0.526359 0.704092 0.465761 0.339373
0 0.549796 0.436686 0.619701 0.342834
