5 0.586345 0.399328 0.131386 0.123168
5 0.458764 0.374491 0.131386 0.123168
5 0.354620 0.362581 0.076902 0.142508
5 0.240217 0.345175 0.095924 0.179764
4 0.682880 0.440554 0.076902 0.142508
4 0.768207 0.428135 0.076902 0.142508
5 0.550543 0.833673 0.088315 0.123371
5 0.462160 0.823493 0.083832 0.125407
5 0.390421 0.812093 0.083832 0.125407
5 0.302921 0.798453 0.083832 0.125407
5 0.619226 0.832451 0.083832 0.125407
5 0.706046 0.849349 0.083832 0.125407
1 0.505639 0.739210 0.487636 0.350570
0 0.502921 0.454805 0.624321 0.405945
