5 0.582201 0.357492 0.139674 0.141287
5 0.450000 0.354235 0.139674 0.141287
5 0.339946 0.372252 0.088315 0.130090
5 0.241033 0.373473 0.088315 0.130090
5 0.687908 0.399532 0.088315 0.130090
5 0.770245 0.416429 0.088315 0.130090
5 0.573098 0.774328 0.077717 0.140269
5 0.487908 0.738090 0.077717 0.140269
6 0.412500 0.750509 0.077717 0.140269
5 0.315217 0.785525 0.077717 0.140269
5 0.723505 0.835200 0.077717 0.140269
6 0.641984 0.813620 0.077717 0.140269
1 0.521399 0.739821 0.487636 0.320033
0 0.507065 0.451344 0.614402 0.331433
