5 0.615829 0.438925 0.107201 0.120928
5 0.485938 0.417549 0.107201 0.120928
5 0.393071 0.402687 0.070924 0.123371
5 0.313723 0.338355 0.070924 0.123371
5 0.713043 0.455822 0.070924 0.123371
5 0.784647 0.420806 0.070924 0.123371
5 0.606386 0.781046 0.056522 0.095073
5 0.672011 0.767610 0.056522 0.095073
5 0.740761 0.759670 0.056522 0.095073
5 0.532473 0.762928 0.056522 0.095073
5 0.479620 0.725468 0.056522 0.095073
5 0.386685 0.727708 0.056522 0.095073
1 0.567120 0.690656 0.417391 0.266897
0 0.550136 0.455924 0.543478 0.367467
