4 0.618410 0.425387 0.097418 0.145969
4 0.506726 0.419686 0.097418 0.145969
4 0.404823 0.421417 0.085190 0.149430
5 0.782948 0.437704 0.076223 0.118893
5 0.306726 0.394748 0.076223 0.118893
4 0.706046 0.435057 0.085190 0.149430
5 0.509375 0.800285 0.087500 0.113192
5 0.585598 0.803746 0.087500 0.113192
5 0.655842 0.809446 0.087500 0.113192
5 0.746467 0.817386 0.087500 0.113192
5 0.430163 0.791327 0.087500 0.113192
5 0.335734 0.809446 0.087500 0.113192
1 0.541440 0.736360 0.503533 0.304153
0 0.542595 0.494401 0.552582 0.329194
