5 0.525204 0.441775 0.102582 0.115228
5 0.421128 0.424878 0.102582 0.115228
6 0.317663 0.424165 0.087500 0.134568
5 0.602242 0.472313 0.102582 0.115228
5 0.701834 0.471091 0.102582 0.115228
5 0.233084 0.408998 0.102582 0.115228
5 0.430842 0.819524 0.075543 0.119910
5 0.500272 0.804866 0.075543 0.119910
5 0.590082 0.822985 0.075543 0.119910
5 0.666304 0.825224 0.075543 0.119910
5 0.356114 0.803848 0.075543 0.119910
5 0.282201 0.793669 0.075543 0.119910
1 0.473098 0.735851 0.458967 0.307614
0 0.469022 0.502239 0.577446 0.315554
