6 0.543342 0.425896 0.108696 0.129072
6 0.439266 0.413477 0.108696 0.129072
6 0.339878 0.408388 0.079212 0.127850
6 0.265149 0.390269 0.079212 0.127850
6 0.646399 0.429967 0.079212 0.127850
6 0.726427 0.426507 0.079212 0.127850
5 0.499524 0.770358 0.069429 0.103013
5 0.574253 0.769340 0.069429 0.103013
5 0.647486 0.775041 0.069429 0.103013
5 0.430910 0.770562 0.069429 0.103013
5 0.358492 0.771783 0.069429 0.103013
5 0.278465 0.764862 0.069429 0.103013
1 0.462568 0.707553 0.437908 0.278298
0 0.497690 0.473432 0.542663 0.300692
