4 0.559918 0.392610 0.125272 0.166327
4 0.426359 0.374491 0.125272 0.166327
6 0.335734 0.378359 0.078533 0.119910
5 0.253125 0.376120 0.095924 0.131311
5 0.661549 0.430273 0.095924 0.131311
5 0.756658 0.445134 0.095924 0.131311
5 0.565625 0.803135 0.077717 0.157166
5 0.477989 0.797435 0.077717 0.157166
6 0.407745 0.783795 0.077717 0.157166
6 0.330027 0.772598 0.077717 0.157166
6 0.271060 0.763436 0.077717 0.157166
6 0.644022 0.847109 0.077717 0.157166
1 0.459579 0.740330 0.457473 0.380090
0 0.502174 0.457655 0.601630 0.325733
