6 0.522962 0.360851 0.126902 0.159406
6 0.394701 0.333571 0.126902 0.159406
6 0.294633 0.389149 0.086821 0.116653
6 0.602649 0.415208 0.086821 0.116653
5 0.679212 0.374491 0.101087 0.139047
5 0.211957 0.348432 0.101087 0.139047
5 0.308899 0.761197 0.073234 0.116450
5 0.391916 0.787256 0.073234 0.116450
5 0.462840 0.791735 0.073234 0.116450
5 0.544361 0.800896 0.073234 0.116450
5 0.624389 0.824715 0.073234 0.116450
5 0.219769 0.773819 0.073234 0.116450
1 0.423302 0.718343 0.474049 0.354031
0 0.449728 0.446254 0.573641 0.382329
