4 0.561073 0.373880 0.121603 0.133347
4 0.441780 0.358001 0.121603 0.133347
6 0.325951 0.363192 0.098098 0.107492
5 0.664878 0.397700 0.087636 0.115432
5 0.739606 0.402178 0.087636 0.115432
5 0.243003 0.343343 0.087636 0.115432
5 0.375747 0.708673 0.090625 0.117671
5 0.443682 0.707451 0.090625 0.117671
5 0.276834 0.710708 0.090625 0.117671
5 0.541101 0.711930 0.090625 0.117671
5 0.708628 0.751425 0.090625 0.117671
5 0.623302 0.743485 0.090625 0.117671
1 0.494633 0.678135 0.519973 0.291938
0 0.492052 0.442895 0.585734 0.319015
