4 0.567867 0.319015 0.118614 0.123371
4 0.458356 0.310057 0.118614 0.123371
5 0.354959 0.308836 0.095788 0.123371
4 0.263655 0.297638 0.095788 0.123371
5 0.660666 0.357492 0.095788 0.123371
5 0.749796 0.321254 0.095788 0.123371
6 0.581114 0.729031 0.070924 0.117671
6 0.504076 0.708673 0.070924 0.117671
6 0.435326 0.710912 0.070924 0.117671
6 0.369701 0.708673 0.070924 0.117671
5 0.668274 0.779316 0.095788 0.123371
5 0.285530 0.716002 0.095788 0.123371
1 0.479552 0.678644 0.485462 0.362989
0 0.508220 0.402789 0.586549 0.342630
