6 0.362908 0.369910 0.116304 0.111971
6 0.473913 0.368689 0.116304 0.111971
6 0.247418 0.358510 0.116304 0.111971
6 0.719293 0.414902 0.116304 0.111971
5 0.604076 0.377850 0.118478 0.116450
5 0.815353 0.367671 0.118478 0.116450
6 0.639538 0.765167 0.080707 0.119910
6 0.561005 0.766388 0.080707 0.119910
6 0.483288 0.768628 0.080707 0.119910
6 0.413859 0.770867 0.080707 0.119910
6 0.328533 0.778807 0.080707 0.119910
5 0.739130 0.755497 0.118478 0.116450
1 0.541780 0.691164 0.517799 0.308632
0 0.536481 0.446254 0.691440 0.293974
