5 0.529348 0.399328 0.112500 0.118689
5 0.420652 0.384670 0.112500 0.118689
6 0.323641 0.367671 0.084511 0.139251
6 0.626359 0.403705 0.084511 0.139251
6 0.697418 0.413884 0.084511 0.139251
6 0.234647 0.344870 0.084511 0.139251
5 0.419565 0.760179 0.073913 0.116450
5 0.489810 0.755497 0.073913 0.116450
5 0.564538 0.777077 0.073913 0.116450
5 0.618886 0.842630 0.073913 0.116450
5 0.341033 0.758958 0.073913 0.116450
5 0.267799 0.767406 0.064946 0.119910
1 0.447079 0.736869 0.421875 0.348331
0 0.466712 0.447985 0.554891 0.358510
