5 0.561685 0.454092 0.094293 0.128868
5 0.455299 0.438416 0.094293 0.128868
5 0.353397 0.445338 0.094293 0.128868
5 0.253804 0.431901 0.094293 0.128868
5 0.671875 0.474857 0.094293 0.128868
5 0.755571 0.470379 0.094293 0.128868
6 0.500611 0.855761 0.056658 0.110953
6 0.435802 0.855761 0.056658 0.110953
6 0.367867 0.844564 0.056658 0.110953
6 0.285598 0.867671 0.097283 0.129886
6 0.570720 0.859222 0.056658 0.110953
5 0.650543 0.869605 0.094293 0.128868
1 0.473505 0.797435 0.462772 0.295195
0 0.509035 0.531657 0.603125 0.340594
