5 0.445924 0.341714 0.122283 0.130090
5 0.564538 0.364515 0.122283 0.130090
5 0.663723 0.371743 0.071739 0.099349
5 0.264538 0.275448 0.071739 0.099349
6 0.346332 0.328074 0.083152 0.098331
5 0.734307 0.354133 0.069429 0.118689
5 0.682133 0.761299 0.069429 0.118689
5 0.276019 0.715086 0.069429 0.118689
6 0.353804 0.729743 0.083152 0.098331
6 0.444429 0.738701 0.083152 0.098331
6 0.534239 0.759059 0.083152 0.098331
6 0.615082 0.761299 0.083152 0.098331
1 0.479891 0.661747 0.475543 0.326751
0 0.499932 0.398717 0.539810 0.348331
