5 0.233016 0.353013 0.057337 0.127850
5 0.299864 0.381209 0.076359 0.118689
5 0.401087 0.367671 0.121467 0.148208
4 0.532813 0.360342 0.143342 0.131107
5 0.653940 0.363192 0.098913 0.120928
4 0.740761 0.350672 0.071739 0.114210
5 0.309715 0.717732 0.080842 0.119910
5 0.391304 0.716612 0.086685 0.117671
4 0.476562 0.712134 0.086821 0.117671
5 0.561889 0.712643 0.083832 0.116653
5 0.237228 0.721091 0.064130 0.113192
5 0.654348 0.723331 0.098098 0.092834
0 0.493139 0.423147 0.577582 0.268119
1 0.454280 0.652687 0.502853 0.258958
