5 0.545992 0.368791 0.109375 0.145969
5 0.422215 0.344971 0.109375 0.145969
5 0.311957 0.356372 0.082337 0.121132
5 0.231929 0.332553 0.082337 0.121132
5 0.644837 0.407268 0.082337 0.121132
5 0.737772 0.426405 0.082337 0.121132
5 0.562976 0.756718 0.080027 0.127850
5 0.641508 0.765879 0.080027 0.127850
5 0.483764 0.751018 0.080027 0.127850
5 0.405231 0.739821 0.080027 0.127850
5 0.325204 0.723941 0.080027 0.127850
5 0.230910 0.699104 0.080027 0.127850
1 0.436141 0.701853 0.492120 0.271376
0 0.485190 0.441775 0.590217 0.355049
