5 0.525611 0.366042 0.135190 0.158388
5 0.389742 0.342427 0.135190 0.158388
5 0.281726 0.381718 0.086821 0.122150
5 0.198030 0.369300 0.086821 0.122150
5 0.629008 0.416735 0.086821 0.122150
5 0.714198 0.439332 0.086821 0.122150
6 0.546332 0.814434 0.081522 0.121132
6 0.457337 0.809955 0.081522 0.121132
6 0.381929 0.799776 0.081522 0.121132
6 0.300408 0.796315 0.081522 0.121132
5 0.631182 0.872557 0.086821 0.122150
5 0.214470 0.797842 0.086821 0.122150
1 0.421060 0.754479 0.502717 0.372150
0 0.455367 0.435566 0.609103 0.378868
