6 0.465965 0.444625 0.112364 0.141287
6 0.579959 0.451547 0.112364 0.141287
6 0.663655 0.467223 0.112364 0.141287
6 0.762976 0.525448 0.071060 0.122150
6 0.368954 0.421417 0.071060 0.122150
6 0.297215 0.405537 0.071060 0.122150
6 0.442188 0.778196 0.078397 0.123168
6 0.509443 0.786136 0.078397 0.123168
6 0.579688 0.797537 0.078397 0.123168
6 0.662704 0.814638 0.078397 0.123168
6 0.361617 0.770460 0.078397 0.123168
5 0.291576 0.736462 0.067120 0.130090
1 0.516508 0.744300 0.529212 0.308632
0 0.524457 0.513029 0.531522 0.332655
