5 0.217935 0.385179 0.066304 0.090391
5 0.291576 0.413477 0.082337 0.113192
5 0.389742 0.405029 0.113995 0.150448
4 0.511277 0.412866 0.129076 0.136808
5 0.616236 0.421926 0.076223 0.114210
5 0.689063 0.420908 0.066440 0.093852
5 0.279891 0.717732 0.083152 0.117467
5 0.354687 0.722822 0.063451 0.107288
5 0.428601 0.725061 0.063451 0.107288
5 0.495516 0.722313 0.071739 0.106270
6 0.568274 0.736971 0.077038 0.142508
4 0.646399 0.745521 0.073234 0.111971
0 0.453125 0.455924 0.539946 0.265676
1 0.460666 0.675896 0.450679 0.260179
