6 0.564470 0.363192 0.111821 0.132329
6 0.448981 0.364414 0.111821 0.132329
6 0.331182 0.340798 0.111821 0.132329
6 0.657269 0.396173 0.111821 0.132329
6 0.738111 0.387011 0.111821 0.132329
5 0.245924 0.339984 0.092120 0.113192
5 0.292799 0.733510 0.092120 0.113192
5 0.365897 0.777687 0.092120 0.113192
5 0.680707 0.815147 0.092120 0.113192
5 0.600747 0.810464 0.080027 0.110749
5 0.525204 0.800285 0.080027 0.110749
5 0.451155 0.788884 0.080027 0.110749
1 0.487840 0.714373 0.477853 0.325733
0 0.492731 0.441164 0.590353 0.326954
