4 0.555435 0.403909 0.122283 0.152687
4 0.434647 0.390472 0.122283 0.152687
5 0.324049 0.396580 0.092935 0.122150
5 0.229620 0.375204 0.092935 0.122150
5 0.656114 0.441775 0.092935 0.122150
5 0.728533 0.448493 0.092935 0.122150
5 0.607133 0.793567 0.070245 0.097313
5 0.530095 0.779927 0.070245 0.097313
5 0.459171 0.738192 0.070245 0.097313
5 0.380299 0.749389 0.076902 0.110749
5 0.301766 0.745928 0.076902 0.110749
5 0.682880 0.804764 0.076902 0.110749
1 0.492391 0.705822 0.461141 0.311075
0 0.479144 0.453583 0.590353 0.299674
