5 0.258016 0.450631 0.103533 0.150448
5 0.349457 0.449919 0.079348 0.151873
5 0.439334 0.450631 0.106658 0.137826
5 0.545992 0.455314 0.112908 0.137826
5 0.645245 0.450631 0.091848 0.141083
5 0.721060 0.441979 0.053261 0.133143
5 0.294565 0.763844 0.082609 0.128257
5 0.368274 0.768526 0.068886 0.128257
5 0.435122 0.772394 0.064810 0.120521
5 0.501563 0.770053 0.069973 0.115839
5 0.572622 0.769340 0.069973 0.114414
4 0.642120 0.771682 0.075272 0.109731
0 0.475408 0.509365 0.548641 0.292752
1 0.462908 0.707451 0.435870 0.253664
