5 0.238111 0.383245 0.078397 0.115839
5 0.314470 0.384059 0.080571 0.114210
5 0.408016 0.386502 0.114946 0.115839
5 0.521399 0.395867 0.113995 0.125204
5 0.618071 0.401262 0.087772 0.142508
5 0.703736 0.413783 0.079484 0.145562
5 0.295109 0.694931 0.087772 0.112581
4 0.372962 0.692590 0.074185 0.117264
4 0.444022 0.695745 0.076359 0.117467
4 0.519837 0.699613 0.075272 0.119096
5 0.599728 0.705110 0.088859 0.123575
5 0.678668 0.719971 0.073098 0.128461
0 0.469701 0.453685 0.543478 0.269340
1 0.484783 0.656555 0.469293 0.261401
