5 0.546332 0.432716 0.113315 0.117467
5 0.439130 0.411340 0.113315 0.117467
5 0.282473 0.342223 0.101902 0.144951
5 0.723777 0.359222 0.113315 0.117467
5 0.630163 0.444524 0.070924 0.105252
5 0.347826 0.421926 0.070924 0.105252
5 0.370516 0.830314 0.078533 0.098331
5 0.301766 0.822374 0.078533 0.098331
5 0.408288 0.772700 0.078533 0.098331
5 0.467935 0.824817 0.078533 0.098331
5 0.540353 0.807716 0.078533 0.098331
5 0.609103 0.807716 0.078533 0.098331
1 0.454280 0.748270 0.386549 0.280334
0 0.508288 0.453583 0.550272 0.367671
