5 0.265829 0.316775 0.073234 0.133143
6 0.338995 0.319116 0.081522 0.143933
6 0.437228 0.330110 0.114946 0.159813
6 0.545992 0.335607 0.106658 0.158184
6 0.635870 0.344157 0.069022 0.131718
6 0.710598 0.349552 0.074185 0.142508
0 0.486889 0.387215 0.527853 0.296010
6 0.325476 0.656555 0.098234 0.155130
5 0.411617 0.664393 0.078397 0.132940
4 0.484307 0.667549 0.068886 0.120521
4 0.554348 0.676201 0.081522 0.115839
6 0.635870 0.686380 0.087772 0.126832
5 0.715217 0.680069 0.075272 0.132940
1 0.514062 0.603318 0.479755 0.295806
