6 0.217799 0.443607 0.079348 0.107899
6 0.300340 0.445847 0.087908 0.122150
4 0.404348 0.451445 0.118207 0.120725
4 0.518818 0.462337 0.110734 0.114414
4 0.619633 0.478827 0.086821 0.106678
4 0.699592 0.491348 0.071196 0.119096
4 0.293546 0.779520 0.088723 0.109528
4 0.368274 0.777178 0.068886 0.108103
4 0.436685 0.788070 0.067935 0.092427
5 0.504144 0.797435 0.075136 0.101792
5 0.559035 0.806901 0.042799 0.108103
6 0.631658 0.851486 0.100272 0.125204
0 0.455571 0.537561 0.559239 0.308428
1 0.468071 0.764556 0.429620 0.311686
