5 0.225068 0.435770 0.083560 0.120725
5 0.303465 0.434243 0.091984 0.133143
5 0.410598 0.439638 0.116033 0.128461
5 0.532337 0.442793 0.127446 0.116042
5 0.633220 0.447577 0.072147 0.115839
5 0.710054 0.446763 0.081522 0.114210
6 0.256454 0.778705 0.073234 0.139251
6 0.330095 0.784202 0.078397 0.140879
6 0.409103 0.794381 0.081522 0.142508
6 0.489538 0.797435 0.083696 0.142508
6 0.567391 0.806901 0.080435 0.130090
6 0.647351 0.808530 0.079484 0.126832
0 0.464946 0.505395 0.569565 0.278705
1 0.454959 0.746641 0.472418 0.272598
