6 0.244973 0.356678 0.075272 0.131515
6 0.320720 0.356678 0.084647 0.137622
5 0.428397 0.365330 0.134783 0.139454
5 0.559035 0.378664 0.126495 0.131515
4 0.660937 0.392712 0.077310 0.116042
4 0.733084 0.398921 0.064810 0.106474
4 0.297215 0.678441 0.083560 0.139454
5 0.373505 0.694116 0.077446 0.104845
5 0.445109 0.697272 0.070109 0.105049
5 0.509918 0.703583 0.067935 0.105049
5 0.588315 0.705110 0.086685 0.095480
5 0.664062 0.706739 0.068886 0.104845
0 0.486413 0.430273 0.564402 0.291327
1 0.478533 0.641694 0.446196 0.250407
