5 0.280503 0.348840 0.085734 0.109731
4 0.359918 0.341816 0.075272 0.114414
5 0.449796 0.339373 0.104484 0.122150
5 0.551698 0.348840 0.105571 0.134568
5 0.641033 0.356678 0.075272 0.122150
4 0.722079 0.362989 0.082473 0.140879
5 0.307677 0.687907 0.083560 0.098534
6 0.378736 0.688721 0.071060 0.100163
6 0.446671 0.692590 0.077310 0.101792
6 0.518274 0.697985 0.069973 0.106474
6 0.585122 0.692590 0.069973 0.111156
5 0.658832 0.698799 0.081522 0.126832
0 0.498437 0.415411 0.531929 0.308428
1 0.482201 0.630700 0.432609 0.272394
