6 0.239198 0.394239 0.082473 0.119096
6 0.316576 0.402891 0.080435 0.133143
6 0.412160 0.419279 0.110734 0.156555
6 0.522962 0.439638 0.106522 0.134568
5 0.612840 0.453787 0.077310 0.109528
5 0.694905 0.456840 0.076223 0.112785
5 0.272622 0.723941 0.076223 0.142508
6 0.340082 0.722414 0.069022 0.148819
6 0.405435 0.728624 0.067935 0.123779
6 0.481114 0.741144 0.075272 0.126832
6 0.544361 0.756006 0.057473 0.128461
6 0.607609 0.770155 0.073098 0.134772
0 0.462296 0.482695 0.533016 0.305375
1 0.441984 0.702769 0.410870 0.285016
