5 0.204687 0.478827 0.086821 0.122150
6 0.286277 0.478827 0.082609 0.112785
6 0.388111 0.476486 0.119158 0.114210
6 0.506726 0.481881 0.118071 0.122150
4 0.612296 0.500000 0.086821 0.111156
4 0.698030 0.498473 0.084647 0.117467
4 0.245448 0.775550 0.063723 0.098738
4 0.316576 0.787357 0.074185 0.109731
4 0.392867 0.817081 0.076223 0.112581
5 0.468614 0.832757 0.077446 0.119096
5 0.546535 0.835810 0.078397 0.106474
5 0.624864 0.820236 0.084783 0.100163
0 0.448777 0.539088 0.583152 0.252036
1 0.439334 0.759874 0.459918 0.267712
