6 0.201019 0.416938 0.083560 0.142508
6 0.286277 0.429458 0.095109 0.154927
5 0.398573 0.451445 0.127582 0.126832
6 0.528193 0.452972 0.129484 0.123779
6 0.632133 0.431087 0.084647 0.108103
6 0.703804 0.418465 0.060598 0.117467
5 0.257473 0.764556 0.081522 0.126832
5 0.333288 0.766185 0.076359 0.123575
6 0.409579 0.766185 0.090897 0.117467
5 0.491101 0.776364 0.078397 0.125204
6 0.560598 0.785016 0.077446 0.123779
6 0.630639 0.786543 0.062636 0.126832
0 0.447758 0.501527 0.581114 0.314943
1 0.439334 0.712948 0.445245 0.274023
