6 0.240285 0.374695 0.084647 0.136197
6 0.325408 0.373066 0.096196 0.136197
6 0.428940 0.379377 0.121196 0.152077
6 0.555367 0.391185 0.129484 0.165920
6 0.660870 0.396682 0.081522 0.148819
5 0.741916 0.401364 0.074321 0.145562
6 0.287296 0.662052 0.086821 0.118893
6 0.370380 0.664393 0.087772 0.130090
6 0.446671 0.674572 0.075136 0.128461
5 0.525611 0.692590 0.084647 0.139251
5 0.601291 0.691775 0.071060 0.134772
5 0.673505 0.696458 0.069022 0.131515
0 0.486889 0.437296 0.586277 0.264658
1 0.474864 0.632227 0.461957 0.269340
