5 0.208899 0.342630 0.078397 0.134772
4 0.283628 0.334691 0.085734 0.131515
4 0.392255 0.340289 0.135870 0.136197
4 0.530774 0.355151 0.141168 0.125204
5 0.645720 0.373880 0.090897 0.147191
5 0.730435 0.413783 0.080435 0.145562
5 0.254891 0.633856 0.082609 0.125204
5 0.338519 0.651873 0.086821 0.145765
5 0.416848 0.662052 0.074185 0.150244
5 0.497351 0.683937 0.093071 0.125204
4 0.579416 0.689434 0.079484 0.114210
5 0.660394 0.699613 0.088723 0.137826
0 0.470652 0.424064 0.604076 0.307003
1 0.459239 0.632329 0.497554 0.294381
