6 0.207880 0.327667 0.109783 0.167549
6 0.308220 0.348840 0.097147 0.143933
6 0.421060 0.364515 0.126359 0.137826
6 0.541236 0.368384 0.105571 0.108103
6 0.618071 0.365330 0.052174 0.098738
6 0.702717 0.343343 0.110870 0.126832
5 0.244905 0.680884 0.098234 0.150448
6 0.333288 0.693404 0.086685 0.134772
6 0.415285 0.703481 0.073234 0.126832
6 0.492120 0.711421 0.080435 0.126832
6 0.576766 0.700428 0.088859 0.114210
5 0.658356 0.705110 0.078397 0.123575
0 0.454484 0.402891 0.609239 0.327362
1 0.448777 0.630700 0.501630 0.281759
