5 0.262704 0.396580 0.091984 0.129886
5 0.341101 0.390371 0.068886 0.126832
5 0.440421 0.394239 0.125408 0.143933
4 0.562160 0.399735 0.120245 0.145562
4 0.666168 0.413783 0.083696 0.126832
5 0.744022 0.418465 0.070109 0.126832
5 0.293071 0.766185 0.102446 0.120725
5 0.363043 0.766999 0.048098 0.100366
5 0.424253 0.785831 0.078397 0.112785
5 0.499932 0.783388 0.077310 0.114414
6 0.566848 0.788884 0.069022 0.122150
5 0.646807 0.797435 0.088723 0.101792
0 0.495245 0.463966 0.565489 0.277280
1 0.465965 0.710607 0.452582 0.288070
