6 0.208356 0.357492 0.119158 0.161238
5 0.294090 0.391083 0.052310 0.134772
5 0.376630 0.416124 0.117120 0.144137
5 0.494701 0.434955 0.123370 0.137826
6 0.597690 0.438111 0.088859 0.137622
5 0.672962 0.438925 0.067935 0.133143
4 0.193750 0.734833 0.079348 0.117467
6 0.281046 0.748982 0.105571 0.145765
5 0.375611 0.737276 0.089810 0.119096
5 0.457609 0.737276 0.082609 0.128461
6 0.540217 0.737174 0.080435 0.140879
6 0.612840 0.751323 0.073234 0.141083
0 0.427310 0.435057 0.563315 0.325733
1 0.401223 0.696458 0.502717 0.281759
