6 0.249117 0.282268 0.104484 0.139454
6 0.337432 0.276059 0.080571 0.129886
6 0.444090 0.287765 0.132745 0.147191
6 0.574117 0.290920 0.125408 0.150244
6 0.673981 0.299572 0.069973 0.145562
6 0.744022 0.304255 0.065761 0.154927
6 0.294633 0.652586 0.099321 0.147191
6 0.385530 0.648819 0.082473 0.151873
6 0.456590 0.650244 0.065897 0.151873
6 0.531318 0.654214 0.079484 0.147191
6 0.606590 0.657370 0.077310 0.159609
6 0.683356 0.665208 0.084647 0.147191
0 0.482745 0.356678 0.582065 0.297638
1 0.484851 0.597109 0.477582 0.283388
