5 0.228261 0.456942 0.075272 0.128461
5 0.307133 0.452972 0.088723 0.123779
5 0.414266 0.452260 0.123370 0.119096
4 0.540217 0.460810 0.126359 0.120725
4 0.648845 0.467121 0.084647 0.117467
4 0.731997 0.481983 0.087908 0.134568
5 0.298234 0.781861 0.106522 0.148819
5 0.384511 0.783489 0.080435 0.126832
6 0.464946 0.788884 0.082609 0.128257
6 0.542255 0.795908 0.074185 0.130090
6 0.623302 0.810871 0.091984 0.131515
5 0.707405 0.810871 0.086821 0.131515
0 0.483764 0.524226 0.588451 0.285016
1 0.498437 0.746539 0.506929 0.288274
