6 0.245448 0.413884 0.105571 0.120521
6 0.333832 0.412357 0.081522 0.126832
6 0.425747 0.406046 0.112908 0.126832
6 0.535462 0.422537 0.114946 0.137826
5 0.629552 0.432614 0.083560 0.148616
4 0.707948 0.458469 0.077310 0.150244
6 0.305027 0.717732 0.092935 0.117467
6 0.377649 0.712134 0.064810 0.125407
6 0.438315 0.705822 0.066848 0.122150
5 0.502582 0.711421 0.067935 0.104845
5 0.562160 0.718445 0.065897 0.125407
5 0.638451 0.742671 0.078261 0.123779
0 0.467052 0.488294 0.555027 0.278705
1 0.464946 0.683225 0.425272 0.264658
