6 0.280503 0.395053 0.071060 0.139454
6 0.353125 0.401262 0.074185 0.142508
5 0.448777 0.420806 0.117120 0.131515
4 0.557948 0.438823 0.097147 0.117467
5 0.642120 0.443607 0.075272 0.123779
4 0.715829 0.441266 0.065897 0.106474
6 0.316508 0.741958 0.072147 0.115839
6 0.387568 0.738803 0.078397 0.128257
6 0.460734 0.749796 0.067935 0.112785
6 0.530774 0.772394 0.078397 0.101792
5 0.598709 0.779418 0.063723 0.097109
5 0.661481 0.781046 0.069973 0.100366
0 0.494226 0.478013 0.504755 0.317997
1 0.489538 0.704296 0.422283 0.269340
