5 0.247011 0.424064 0.096196 0.122150
5 0.338995 0.427117 0.089946 0.122150
6 0.443546 0.433428 0.125408 0.134772
5 0.565285 0.438111 0.115897 0.125407
4 0.658832 0.451445 0.075272 0.117467
4 0.727785 0.478827 0.062636 0.109528
4 0.302446 0.790513 0.100272 0.131515
4 0.390217 0.784202 0.081522 0.118893
6 0.470177 0.778705 0.078397 0.114414
4 0.545380 0.786543 0.074185 0.111360
4 0.613315 0.786543 0.061685 0.114210
4 0.677106 0.792854 0.072147 0.117467
0 0.478057 0.496132 0.566440 0.275651
1 0.479076 0.728624 0.466033 0.258550
