5 0.273709 0.402789 0.082473 0.126832
5 0.355707 0.397394 0.087772 0.131515
5 0.466508 0.405945 0.119158 0.161238
5 0.585190 0.424064 0.122283 0.153502
5 0.686549 0.436482 0.074185 0.153502
5 0.762296 0.456942 0.068886 0.159813
4 0.321264 0.727097 0.100408 0.136197
4 0.406929 0.719259 0.083696 0.133143
4 0.480639 0.717630 0.069973 0.145765
4 0.553804 0.721498 0.074185 0.144137
4 0.620720 0.720786 0.072147 0.126832
4 0.695992 0.738803 0.084647 0.153502
0 0.512500 0.472516 0.562228 0.316368
1 0.504687 0.683937 0.473505 0.297435
