6 0.315014 0.338660 0.079484 0.136197
6 0.397554 0.330822 0.094022 0.136401
6 0.504687 0.326853 0.120245 0.169178
6 0.635326 0.322985 0.136957 0.158184
6 0.749253 0.339475 0.086821 0.159813
6 0.836481 0.358306 0.079484 0.153502
6 0.356250 0.687093 0.101359 0.128257
6 0.446196 0.687093 0.088859 0.150244
6 0.524524 0.684752 0.074321 0.139454
6 0.603940 0.687093 0.082609 0.134772
6 0.689674 0.704296 0.082609 0.137826
6 0.774321 0.705110 0.088859 0.126832
0 0.572079 0.387215 0.599864 0.305375
1 0.561141 0.636299 0.515217 0.289699
