5 0.289878 0.333876 0.091984 0.142508
6 0.384443 0.350468 0.093071 0.137826
6 0.488995 0.377036 0.116033 0.140879
5 0.604008 0.390371 0.111821 0.136197
5 0.701630 0.399735 0.081522 0.136197
5 0.780095 0.411441 0.079484 0.140879
6 0.327514 0.669890 0.102310 0.112581
6 0.416916 0.669076 0.078397 0.114210
6 0.493139 0.676099 0.078397 0.140879
6 0.573709 0.687907 0.078397 0.123779
5 0.645245 0.695745 0.073098 0.126832
5 0.717867 0.707451 0.072147 0.134772
0 0.528736 0.424064 0.580027 0.313111
1 0.517731 0.643221 0.482745 0.278705
