6 0.276834 0.361360 0.118071 0.144137
6 0.360462 0.377850 0.049185 0.123779
6 0.443546 0.373066 0.119158 0.145562
6 0.563723 0.377036 0.117120 0.134772
5 0.659307 0.385586 0.078397 0.133143
5 0.744022 0.387928 0.082609 0.128461
5 0.305571 0.728624 0.077446 0.123779
5 0.380299 0.730965 0.076359 0.128461
6 0.453465 0.737276 0.072147 0.128461
6 0.531861 0.738803 0.078397 0.131515
5 0.609647 0.747353 0.081522 0.129886
5 0.685462 0.748982 0.074185 0.129886
0 0.500476 0.433428 0.565353 0.303746
1 0.496807 0.690248 0.453668 0.269340
