6 0.246535 0.400550 0.084647 0.137826
6 0.329076 0.389658 0.082609 0.122150
6 0.425747 0.384874 0.121332 0.109731
6 0.541780 0.393424 0.110734 0.117467
6 0.634783 0.421621 0.077446 0.133143
5 0.708967 0.462337 0.066848 0.123779
6 0.295109 0.734121 0.083696 0.112785
6 0.376087 0.734019 0.080435 0.115839
4 0.445652 0.739515 0.073098 0.136197
4 0.522418 0.752850 0.074185 0.122150
4 0.597690 0.752036 0.084783 0.133143
6 0.671875 0.761502 0.065761 0.123575
0 0.470720 0.473331 0.541440 0.296010
1 0.479552 0.705924 0.450408 0.259976
