5 0.269497 0.307410 0.072147 0.123779
5 0.348438 0.341002 0.094158 0.134772
6 0.455027 0.369300 0.121196 0.162866
6 0.578329 0.372353 0.127582 0.153502
5 0.686005 0.363803 0.087772 0.133143
5 0.760734 0.344971 0.063859 0.108103
6 0.322283 0.649532 0.094022 0.150448
5 0.408016 0.665208 0.083696 0.150448
5 0.485394 0.695033 0.071060 0.122150
4 0.561073 0.690147 0.078397 0.122150
4 0.637364 0.684752 0.080435 0.132940
4 0.713179 0.681698 0.075272 0.148819
0 0.511481 0.391897 0.562364 0.299267
1 0.513519 0.637011 0.476495 0.253664
