5 0.204687 0.392712 0.076223 0.131515
5 0.280503 0.402077 0.079484 0.144137
5 0.383424 0.404418 0.124457 0.139454
5 0.508356 0.413783 0.125408 0.148819
4 0.614402 0.422435 0.080435 0.153502
4 0.698030 0.424064 0.082473 0.140879
5 0.241780 0.709792 0.077310 0.117467
4 0.321196 0.704397 0.081522 0.112785
4 0.395992 0.711421 0.084647 0.117467
4 0.474932 0.716103 0.071060 0.120725
4 0.543886 0.727809 0.079348 0.125407
4 0.624321 0.741144 0.089946 0.126832
0 0.450815 0.463966 0.570652 0.283388
1 0.438791 0.683225 0.471332 0.267915
