5 0.265353 0.403603 0.088859 0.128461
6 0.350543 0.421621 0.089946 0.155130
5 0.461277 0.462337 0.121196 0.155130
6 0.584103 0.458469 0.122283 0.128257
6 0.685530 0.461523 0.084647 0.131515
6 0.770652 0.461625 0.081522 0.134568
6 0.293071 0.806901 0.087772 0.123575
6 0.380299 0.824919 0.091033 0.109528
4 0.460258 0.824919 0.073234 0.106678
4 0.532337 0.820949 0.075272 0.095480
5 0.606046 0.832757 0.082473 0.115839
4 0.682880 0.837439 0.077446 0.125204
0 0.515693 0.502341 0.593614 0.328787
1 0.484307 0.763029 0.472418 0.286645
