5 0.261141 0.393526 0.088859 0.123779
5 0.351562 0.407573 0.091984 0.151873
5 0.458152 0.442081 0.117120 0.148819
5 0.577853 0.447476 0.122283 0.153502
5 0.677649 0.445236 0.083560 0.133143
5 0.761209 0.436482 0.085734 0.131515
4 0.315965 0.754377 0.091984 0.137826
5 0.399592 0.755191 0.087772 0.136197
5 0.476970 0.759976 0.079484 0.123779
5 0.554823 0.759976 0.065897 0.120521
5 0.630095 0.771682 0.082473 0.125204
5 0.714198 0.781046 0.085734 0.141083
0 0.510938 0.489719 0.582201 0.319422
1 0.513519 0.695643 0.493342 0.314739
