6 0.251223 0.452972 0.112772 0.129886
6 0.349457 0.440452 0.089946 0.132940
6 0.455571 0.431087 0.124457 0.145562
6 0.576766 0.430273 0.120109 0.147191
6 0.669226 0.449104 0.064810 0.175489
6 0.747690 0.448290 0.096196 0.164495
5 0.315014 0.791938 0.098234 0.122150
5 0.390217 0.770053 0.058424 0.125204
5 0.457133 0.770053 0.079484 0.125204
5 0.528193 0.761502 0.068886 0.130090
5 0.586141 0.774023 0.047011 0.127036
5 0.651563 0.798249 0.077310 0.109528
0 0.494769 0.502341 0.606114 0.303950
1 0.477514 0.729438 0.425408 0.253664
