5 0.234986 0.397394 0.090897 0.128257
4 0.324389 0.392712 0.096060 0.131515
4 0.428397 0.393526 0.122283 0.133143
4 0.546467 0.390371 0.120109 0.130090
5 0.646332 0.395867 0.081522 0.128461
5 0.730910 0.400550 0.079484 0.147191
5 0.287772 0.725468 0.100272 0.126832
5 0.375068 0.730863 0.076223 0.122150
5 0.451359 0.738803 0.080435 0.128257
5 0.531861 0.742671 0.076223 0.129886
4 0.607065 0.747455 0.082609 0.126832
5 0.687568 0.742773 0.088723 0.136197
0 0.478533 0.458469 0.577989 0.259772
1 0.483220 0.678542 0.499592 0.274023
