6 0.250136 0.391185 0.081522 0.125204
6 0.337500 0.383347 0.095109 0.144137
6 0.441984 0.394239 0.120109 0.156555
6 0.562160 0.410729 0.111821 0.164292
6 0.660937 0.425590 0.085734 0.143933
6 0.744022 0.417752 0.082609 0.144137
4 0.320245 0.689434 0.081522 0.130090
4 0.397554 0.682410 0.075272 0.131515
4 0.472283 0.684752 0.074185 0.130090
5 0.551155 0.689434 0.083560 0.120725
4 0.630027 0.698901 0.067935 0.120521
4 0.695448 0.705924 0.064810 0.125204
0 0.496264 0.443607 0.580027 0.286645
1 0.504144 0.653502 0.453668 0.245928
