5 0.284171 0.344870 0.090897 0.123779
5 0.378193 0.348840 0.093071 0.143933
5 0.490557 0.349654 0.129484 0.148819
5 0.621671 0.361360 0.132745 0.153502
5 0.735122 0.379377 0.094158 0.148819
4 0.819769 0.413070 0.073234 0.131515
6 0.323913 0.695745 0.095109 0.170806
6 0.413723 0.694931 0.095109 0.165920
6 0.499932 0.709080 0.079484 0.181596
6 0.579891 0.719971 0.086685 0.169178
6 0.666168 0.722414 0.094022 0.167549
6 0.753397 0.720786 0.092935 0.176914
0 0.547011 0.428644 0.616576 0.291327
1 0.537092 0.648717 0.529891 0.324308
