4 0.277853 0.348025 0.088859 0.154927
5 0.369837 0.344157 0.099185 0.143933
5 0.480095 0.350468 0.121332 0.156555
5 0.604959 0.380191 0.126495 0.159813
4 0.712636 0.397394 0.092935 0.150244
4 0.804688 0.426405 0.084647 0.145562
5 0.320177 0.687907 0.091984 0.123779
5 0.405910 0.692590 0.079484 0.123779
5 0.484307 0.696458 0.077310 0.134772
5 0.562704 0.703481 0.079484 0.117467
5 0.636889 0.708265 0.075136 0.123779
4 0.712160 0.728624 0.079484 0.136401
0 0.538655 0.434955 0.616712 0.332044
1 0.514606 0.657268 0.482745 0.300692
