5 0.251766 0.416124 0.076359 0.131515
5 0.330639 0.416938 0.083560 0.129886
4 0.428872 0.429560 0.106658 0.142508
5 0.539130 0.430273 0.107609 0.134568
5 0.643682 0.444320 0.090897 0.119096
5 0.724117 0.445949 0.065897 0.109731
5 0.310258 0.710607 0.065897 0.131718
5 0.382337 0.722313 0.074185 0.120521
5 0.446671 0.727809 0.064810 0.109528
5 0.512976 0.725468 0.078397 0.098738
5 0.586753 0.723127 0.079484 0.103420
4 0.657813 0.723127 0.064810 0.109528
0 0.486413 0.468648 0.551902 0.249186
1 0.486345 0.669890 0.411821 0.231881
