4 0.297690 0.391185 0.082609 0.119096
4 0.383899 0.384059 0.098234 0.114210
5 0.490557 0.388844 0.112908 0.120521
5 0.605027 0.409914 0.116033 0.141083
4 0.711073 0.427117 0.091984 0.134772
4 0.792595 0.428746 0.073234 0.131515
4 0.336889 0.692590 0.085734 0.127036
4 0.415829 0.691775 0.076223 0.125407
4 0.487364 0.702769 0.081522 0.122150
4 0.563723 0.715289 0.073098 0.119096
4 0.626970 0.727097 0.053397 0.104845
4 0.684918 0.764556 0.069022 0.136197
0 0.540217 0.478827 0.575815 0.300489
1 0.505707 0.674674 0.425272 0.325733
