5 0.240761 0.434243 0.081522 0.114414
5 0.327989 0.427932 0.095109 0.105049
4 0.436209 0.424878 0.115082 0.111156
4 0.555367 0.428644 0.116984 0.115839
4 0.663043 0.435057 0.087772 0.112785
4 0.743546 0.430273 0.071060 0.115839
5 0.299253 0.753664 0.071060 0.123779
5 0.376630 0.749695 0.085598 0.115839
6 0.457133 0.749695 0.073234 0.097109
6 0.537092 0.759976 0.080435 0.101792
6 0.615421 0.758347 0.084647 0.101792
5 0.692799 0.768526 0.070109 0.109528
0 0.484851 0.496844 0.582201 0.255090
1 0.498913 0.697272 0.464130 0.270765
