5 0.256454 0.398107 0.071060 0.117467
5 0.341101 0.403603 0.096060 0.115839
4 0.447690 0.416938 0.123370 0.145765
4 0.570516 0.417752 0.118207 0.131515
4 0.676562 0.415411 0.091984 0.123575
4 0.765965 0.413884 0.084647 0.123779
5 0.313927 0.723941 0.085734 0.139251
5 0.399117 0.720684 0.093071 0.142508
5 0.483288 0.722313 0.069022 0.123779
5 0.561685 0.720073 0.081522 0.122150
5 0.644701 0.715289 0.082609 0.112581
5 0.721535 0.711421 0.079484 0.117467
0 0.514062 0.456942 0.592527 0.241246
1 0.519293 0.658082 0.490217 0.226995
