6 0.230299 0.345684 0.094022 0.134772
6 0.323302 0.358306 0.091984 0.153502
5 0.433084 0.382533 0.119158 0.148616
6 0.556929 0.391897 0.126359 0.148616
4 0.667663 0.384161 0.088859 0.133143
4 0.756046 0.383245 0.085734 0.128461
6 0.299253 0.659711 0.091984 0.158184
6 0.380299 0.667447 0.084783 0.158184
6 0.455503 0.678542 0.078397 0.142508
6 0.534986 0.680069 0.078397 0.117467
6 0.615489 0.694931 0.082609 0.131718
6 0.693818 0.691877 0.076223 0.147191
0 0.492595 0.419279 0.614538 0.281963
1 0.490014 0.630700 0.479755 0.281759
