5 0.231861 0.426405 0.072147 0.126832
5 0.311821 0.426303 0.087772 0.133143
4 0.418478 0.449919 0.123370 0.120521
4 0.543342 0.460810 0.116033 0.104845
5 0.638451 0.466307 0.072011 0.103217
4 0.707405 0.449104 0.063723 0.094055
5 0.293003 0.827260 0.085734 0.098738
5 0.370380 0.811584 0.069022 0.086116
5 0.439402 0.815554 0.075272 0.094055
5 0.515082 0.818607 0.074185 0.100163
5 0.590353 0.828888 0.082609 0.104845
4 0.660394 0.839068 0.059647 0.115839
0 0.466033 0.495216 0.548641 0.267712
1 0.471807 0.772292 0.436821 0.261604
