5 0.278397 0.486665 0.087772 0.112581
5 0.369837 0.488192 0.092935 0.112785
5 0.474932 0.481983 0.125408 0.115839
4 0.598709 0.483510 0.118071 0.118893
5 0.707405 0.489007 0.090897 0.117264
4 0.790489 0.493689 0.066848 0.120521
6 0.358899 0.777178 0.091984 0.108103
6 0.440897 0.759874 0.080435 0.108103
6 0.515082 0.755293 0.074185 0.111156
4 0.591372 0.761502 0.078397 0.108103
4 0.673505 0.774837 0.081522 0.100163
4 0.742391 0.774023 0.075272 0.098534
0 0.530231 0.540615 0.593614 0.217630
1 0.548573 0.722313 0.469158 0.220684
