6 0.258016 0.402077 0.091033 0.125407
6 0.345856 0.404418 0.090897 0.117467
5 0.454484 0.405945 0.122283 0.120521
5 0.578872 0.423249 0.128668 0.136401
5 0.687568 0.432614 0.080571 0.142508
5 0.768071 0.438925 0.070109 0.142508
5 0.319158 0.718445 0.089946 0.122150
5 0.398573 0.716918 0.071060 0.115839
4 0.469158 0.721600 0.076359 0.109731
5 0.544973 0.735647 0.081522 0.115839
5 0.619090 0.745827 0.073234 0.123575
5 0.695448 0.769340 0.079484 0.145765
0 0.505231 0.474145 0.595788 0.278909
1 0.502106 0.705110 0.466168 0.289699
