6 0.223573 0.424776 0.099321 0.139454
6 0.309783 0.404418 0.075272 0.123575
6 0.415829 0.391185 0.130571 0.165920
6 0.539674 0.393526 0.123370 0.170603
4 0.644701 0.416124 0.097283 0.140879
4 0.736141 0.436482 0.081522 0.140879
5 0.267459 0.740330 0.078397 0.125204
6 0.346332 0.738701 0.079348 0.147191
5 0.422079 0.735647 0.084647 0.159813
4 0.499932 0.727809 0.071060 0.156759
4 0.576766 0.737989 0.080435 0.142508
4 0.663519 0.747455 0.093071 0.136197
0 0.474321 0.451344 0.605163 0.314739
1 0.471739 0.690248 0.485054 0.269340
