4 0.226155 0.388742 0.106658 0.136197
5 0.314946 0.390371 0.075272 0.136197
6 0.421060 0.389556 0.122283 0.143933
5 0.544905 0.402077 0.123234 0.159609
4 0.646807 0.405945 0.084647 0.161238
4 0.728872 0.402077 0.079484 0.140879
5 0.261685 0.777178 0.094022 0.098738
5 0.339062 0.780232 0.064810 0.104845
5 0.407473 0.790513 0.074185 0.103420
5 0.479076 0.789699 0.073098 0.111156
6 0.549049 0.784202 0.075272 0.116042
5 0.636345 0.785729 0.099321 0.106474
0 0.466576 0.474857 0.591576 0.311686
1 0.452921 0.712134 0.476495 0.272394
