6 0.192663 0.384772 0.102446 0.122150
6 0.279959 0.405130 0.072147 0.122150
4 0.375068 0.424776 0.124321 0.145562
4 0.496875 0.438111 0.108696 0.144137
5 0.584103 0.456026 0.067935 0.142508
4 0.671875 0.459283 0.101359 0.145765
5 0.256454 0.730151 0.089810 0.154927
5 0.328057 0.745012 0.059647 0.159813
6 0.393342 0.774023 0.075272 0.151873
5 0.468614 0.786543 0.079348 0.136197
4 0.541780 0.788884 0.064810 0.131515
4 0.624321 0.812398 0.100272 0.143933
0 0.430435 0.489007 0.577989 0.333469
1 0.441440 0.745114 0.468207 0.303746
