6 0.198981 0.338660 0.100408 0.152077
6 0.298777 0.322272 0.107609 0.175489
5 0.416848 0.327667 0.130707 0.195643
6 0.552785 0.332349 0.132745 0.176914
6 0.665082 0.340289 0.094022 0.167549
5 0.754484 0.351893 0.080435 0.178542
6 0.279484 0.645664 0.102446 0.148819
6 0.374524 0.642508 0.083560 0.145765
4 0.456046 0.643322 0.085734 0.153502
4 0.535462 0.644849 0.075272 0.137826
5 0.614946 0.647191 0.077446 0.136401
5 0.693274 0.665920 0.077310 0.133143
0 0.470720 0.385688 0.643886 0.321050
1 0.482201 0.605660 0.505978 0.272394
