6 0.296165 0.411369 0.086364 0.139292
6 0.384091 0.455738 0.085227 0.155930
5 0.486293 0.475363 0.116903 0.162329
5 0.606463 0.491788 0.123438 0.132892
5 0.716335 0.483468 0.087500 0.123080
6 0.803196 0.455631 0.081960 0.116468
5 0.382457 0.758426 0.088494 0.134599
5 0.460085 0.764185 0.071023 0.132892
6 0.531108 0.773144 0.075284 0.140998
5 0.607599 0.807594 0.084233 0.124573
5 0.681960 0.783916 0.071023 0.149317
5 0.753480 0.764932 0.067756 0.131399
0 0.550284 0.500853 0.590057 0.331485
1 0.562287 0.733788 0.452415 0.282423
