6 0.291440 0.445949 0.088859 0.119096
4 0.371943 0.456942 0.080571 0.137826
6 0.472283 0.479642 0.113859 0.173860
6 0.589334 0.485138 0.120245 0.153502
6 0.692799 0.478827 0.091033 0.131515
5 0.779552 0.461625 0.078397 0.128461
5 0.350000 0.722313 0.067935 0.139251
5 0.424185 0.734935 0.080435 0.120521
4 0.497351 0.741958 0.074321 0.097109
4 0.570041 0.749796 0.071060 0.112785
5 0.643139 0.763029 0.079484 0.111156
4 0.718410 0.760688 0.071060 0.119096
0 0.531861 0.514047 0.571603 0.255293
1 0.534986 0.712235 0.437908 0.228624
