5 0.248573 0.385688 0.097147 0.126832
5 0.334307 0.390269 0.084647 0.151873
5 0.439334 0.402891 0.131658 0.155130
5 0.566848 0.406759 0.123370 0.144137
6 0.669769 0.400550 0.090897 0.128461
6 0.750272 0.402891 0.072011 0.136401
5 0.348913 0.753664 0.067935 0.136401
5 0.417391 0.750509 0.069022 0.126832
5 0.485326 0.754377 0.069022 0.128461
5 0.558967 0.762317 0.074185 0.137826
5 0.641033 0.770969 0.089946 0.142508
5 0.724660 0.778705 0.073234 0.142508
0 0.493682 0.455415 0.585190 0.294381
1 0.537568 0.715289 0.451495 0.275448
