6 0.231386 0.340187 0.102446 0.142508
6 0.317052 0.366042 0.068886 0.140879
4 0.412704 0.406046 0.115897 0.148819
4 0.529280 0.427219 0.112908 0.147191
5 0.625883 0.416938 0.072147 0.123779
5 0.701698 0.386502 0.091984 0.137826
5 0.248098 0.738803 0.104620 0.144137
5 0.334783 0.737276 0.060598 0.128461
6 0.399660 0.748982 0.071060 0.120521
5 0.473302 0.756107 0.078397 0.122150
5 0.548030 0.759874 0.073234 0.126832
4 0.624864 0.770155 0.084783 0.131515
0 0.463451 0.440452 0.570652 0.349145
1 0.429959 0.708164 0.474592 0.270969
