5 0.268478 0.374695 0.082609 0.132940
4 0.350000 0.373880 0.092935 0.143933
4 0.452921 0.373982 0.110734 0.153502
4 0.571060 0.384874 0.121196 0.153298
4 0.673438 0.394239 0.073234 0.150448
5 0.760190 0.412256 0.087772 0.161238
5 0.290421 0.757634 0.080571 0.119096
5 0.370924 0.756006 0.088859 0.131718
5 0.452921 0.759161 0.079484 0.134772
5 0.528193 0.760688 0.079484 0.128461
5 0.600272 0.771682 0.066848 0.128461
5 0.670856 0.773208 0.076223 0.125407
0 0.513587 0.446661 0.583152 0.305375
1 0.481658 0.698799 0.460870 0.289699
