5 0.272622 0.286238 0.093071 0.134772
6 0.357812 0.298758 0.073234 0.119096
5 0.461821 0.284609 0.128533 0.150244
6 0.594565 0.291633 0.128533 0.167549
5 0.702242 0.317488 0.084647 0.156555
4 0.780095 0.339373 0.064810 0.153502
5 0.300815 0.667447 0.095109 0.126832
6 0.381318 0.655029 0.076223 0.161441
6 0.456590 0.651160 0.082473 0.178542
6 0.532880 0.658897 0.072011 0.181800
5 0.608628 0.668261 0.077310 0.156555
4 0.691236 0.687907 0.085734 0.139251
0 0.516168 0.370012 0.588315 0.361767
1 0.491101 0.607186 0.490082 0.319422
