5 0.266848 0.327667 0.081522 0.114210
5 0.354687 0.326140 0.094158 0.123779
4 0.456590 0.330008 0.107745 0.109528
4 0.567391 0.340187 0.120109 0.123779
4 0.669293 0.344971 0.087772 0.117467
4 0.750272 0.350468 0.091033 0.137826
6 0.322283 0.655741 0.094022 0.112785
5 0.409579 0.650244 0.076223 0.123779
4 0.486345 0.634568 0.079484 0.133143
4 0.565285 0.634670 0.076223 0.139454
6 0.640014 0.638640 0.071060 0.131515
5 0.716304 0.657370 0.077446 0.140879
0 0.509375 0.385688 0.570652 0.270969
1 0.512500 0.609629 0.485054 0.248982
