5 0.219837 0.374695 0.081522 0.123575
6 0.307201 0.365228 0.095109 0.123779
6 0.413791 0.357390 0.118071 0.126832
6 0.532405 0.363701 0.119158 0.130090
5 0.640014 0.373066 0.094158 0.126832
5 0.726291 0.378563 0.078397 0.134568
5 0.341101 0.759976 0.089810 0.129886
6 0.416916 0.740330 0.078397 0.141083
6 0.490082 0.737174 0.082609 0.144137
6 0.567867 0.742773 0.077310 0.148819
5 0.656250 0.750611 0.095109 0.151873
6 0.736209 0.747455 0.071060 0.145562
0 0.471739 0.435770 0.593750 0.299064
1 0.536549 0.678441 0.478804 0.308428
