5 0.236549 0.328481 0.081522 0.119096
5 0.312908 0.330110 0.073098 0.125204
5 0.409035 0.337948 0.119158 0.140879
5 0.526087 0.347313 0.112772 0.144137
5 0.626970 0.356678 0.076223 0.150244
5 0.698573 0.357492 0.073234 0.139251
5 0.294565 0.693302 0.080435 0.137826
5 0.373505 0.681596 0.075272 0.114414
6 0.446196 0.688620 0.067935 0.115839
6 0.516168 0.697374 0.065761 0.117467
5 0.580435 0.702769 0.062772 0.125407
6 0.643682 0.721498 0.065897 0.131515
0 0.462908 0.411441 0.542391 0.307003
1 0.466508 0.665208 0.424321 0.269340
