5 0.255978 0.328481 0.088859 0.137826
4 0.340557 0.336319 0.078397 0.137622
4 0.437228 0.348840 0.117120 0.141083
4 0.555367 0.362989 0.112908 0.134772
4 0.648913 0.373066 0.076359 0.126832
4 0.729891 0.357492 0.079348 0.120521
4 0.296196 0.666735 0.087772 0.134772
5 0.381861 0.669076 0.094158 0.139454
5 0.466508 0.673758 0.073234 0.130090
5 0.543342 0.683937 0.076359 0.109731
5 0.624389 0.690961 0.085734 0.120521
5 0.703193 0.688620 0.078397 0.125204
0 0.488995 0.399735 0.559239 0.286441
1 0.497351 0.626832 0.486005 0.258550
