6 0.277378 0.317488 0.098234 0.150448
5 0.369361 0.340187 0.085734 0.151873
5 0.470177 0.366042 0.115897 0.131515
4 0.584103 0.360647 0.116033 0.126832
4 0.680299 0.358204 0.080435 0.137826
6 0.768546 0.329194 0.091984 0.133143
4 0.303465 0.659711 0.091984 0.117467
5 0.397011 0.659711 0.101359 0.126832
5 0.488995 0.670704 0.088859 0.130090
5 0.581522 0.675285 0.089946 0.133143
5 0.677174 0.680069 0.088859 0.120725
5 0.758152 0.685566 0.073098 0.128461
0 0.519769 0.390269 0.587364 0.305375
1 0.526630 0.624491 0.536141 0.263233
