5 0.239674 0.406759 0.114946 0.140879
5 0.335394 0.407573 0.084647 0.123779
4 0.434647 0.413783 0.116033 0.136197
4 0.554823 0.431901 0.113995 0.156555
4 0.652514 0.446661 0.077310 0.164495
4 0.725136 0.445236 0.067935 0.151873
6 0.262772 0.766999 0.075272 0.137826
6 0.334851 0.763029 0.073234 0.133143
5 0.410598 0.763131 0.076359 0.136197
5 0.480095 0.769340 0.066984 0.129886
5 0.545992 0.767712 0.071060 0.123779
6 0.624864 0.780334 0.078261 0.123779
0 0.469701 0.488192 0.576902 0.307003
1 0.444565 0.714577 0.438859 0.264658
