6 0.259647 0.467834 0.081522 0.150244
5 0.347351 0.465493 0.085734 0.148819
4 0.459715 0.470989 0.126495 0.143933
4 0.578872 0.461625 0.107745 0.143933
5 0.680774 0.465493 0.094158 0.154927
5 0.758628 0.467121 0.065897 0.154927
4 0.337500 0.782573 0.088859 0.103420
4 0.420516 0.805375 0.079348 0.123779
4 0.496332 0.810057 0.074185 0.139251
5 0.571603 0.808530 0.080435 0.126832
5 0.635326 0.807716 0.061685 0.115839
4 0.707405 0.810770 0.072147 0.097109
0 0.505163 0.535932 0.579076 0.299064
1 0.516644 0.746641 0.457745 0.256718
