6 0.248573 0.349552 0.084647 0.101792
6 0.342120 0.342529 0.102446 0.119096
6 0.452446 0.372353 0.122283 0.153502
6 0.573166 0.374695 0.119158 0.158184
6 0.672418 0.396682 0.085598 0.117467
6 0.759715 0.402077 0.093071 0.125407
5 0.297215 0.720786 0.073234 0.130090
6 0.372486 0.737989 0.083560 0.142508
5 0.448709 0.739515 0.071060 0.117467
5 0.527717 0.737174 0.088859 0.122150
5 0.612364 0.748982 0.074185 0.123779
6 0.688111 0.764556 0.089810 0.148819
0 0.504212 0.433428 0.597826 0.322476
1 0.496264 0.695745 0.479755 0.321050
