6 0.259103 0.348840 0.109783 0.131718
6 0.345313 0.337948 0.062636 0.131515
6 0.436685 0.337134 0.122283 0.133143
6 0.556929 0.348840 0.116033 0.134568
5 0.654687 0.364515 0.083560 0.137826
6 0.739810 0.387215 0.082609 0.129886
6 0.318139 0.713762 0.077310 0.125407
6 0.401223 0.710607 0.088859 0.115839
5 0.476495 0.705822 0.055435 0.131515
5 0.542255 0.709894 0.074185 0.133143
5 0.602921 0.706739 0.049049 0.148819
5 0.666101 0.701140 0.077310 0.131515
0 0.491576 0.413070 0.579076 0.297638
1 0.494226 0.649532 0.427582 0.275448
