6 0.286277 0.384059 0.088859 0.136197
4 0.367255 0.388742 0.079348 0.136197
4 0.468614 0.401262 0.121196 0.129886
4 0.590897 0.413070 0.114946 0.131515
4 0.692255 0.416226 0.087772 0.109731
4 0.771739 0.419279 0.075272 0.119096
5 0.315014 0.699613 0.079484 0.137826
5 0.392323 0.697272 0.077310 0.133143
5 0.466508 0.700428 0.068886 0.130090
5 0.538111 0.703481 0.078397 0.136197
5 0.614946 0.707451 0.077446 0.140879
5 0.689130 0.702769 0.073098 0.140879
0 0.525000 0.454499 0.570652 0.289699
1 0.500000 0.654214 0.453533 0.253868
