5 0.236549 0.415411 0.096196 0.145562
4 0.331182 0.420908 0.093071 0.128461
4 0.439334 0.438111 0.127582 0.153502
5 0.567391 0.454601 0.122283 0.151873
5 0.672418 0.469463 0.079348 0.159609
5 0.738247 0.481169 0.056386 0.132940
5 0.294565 0.774735 0.074185 0.115839
5 0.370856 0.785729 0.078397 0.125204
4 0.449796 0.791226 0.085734 0.139454
4 0.529755 0.800590 0.078261 0.139454
5 0.601902 0.813925 0.074185 0.134772
5 0.672962 0.825733 0.061685 0.142508
0 0.476427 0.514047 0.580027 0.352199
1 0.480639 0.751323 0.446332 0.306800
