5 0.291508 0.357492 0.099321 0.123779
6 0.377649 0.363701 0.077310 0.130090
5 0.468614 0.373168 0.104620 0.151873
5 0.571535 0.399023 0.097147 0.140879
5 0.661413 0.417752 0.082609 0.134772
5 0.736685 0.437296 0.063859 0.142508
5 0.364674 0.691063 0.088859 0.114210
5 0.438859 0.689434 0.053261 0.114210
6 0.500000 0.691063 0.069022 0.130090
6 0.566916 0.703481 0.064810 0.136197
6 0.637432 0.705924 0.084647 0.134568
6 0.713723 0.726181 0.067935 0.122150
0 0.504687 0.438823 0.527853 0.299064
1 0.536549 0.665920 0.430707 0.255293
