6 0.272690 0.365330 0.080435 0.130090
6 0.357812 0.361360 0.077310 0.128257
6 0.464470 0.368485 0.137908 0.133143
6 0.591440 0.361360 0.120109 0.128257
6 0.690149 0.377036 0.077310 0.131515
6 0.762772 0.381718 0.067935 0.128257
6 0.316033 0.661238 0.066848 0.098534
6 0.386617 0.664495 0.078397 0.101792
6 0.462908 0.663681 0.080435 0.112785
6 0.538655 0.675387 0.077310 0.114210
6 0.609171 0.680884 0.069973 0.106474
6 0.686549 0.677728 0.080435 0.100163
0 0.512024 0.411543 0.561277 0.247353
1 0.506250 0.623677 0.447283 0.226995
