5 0.300883 0.430273 0.084647 0.143933
4 0.379755 0.427219 0.081522 0.137826
4 0.481114 0.446661 0.121196 0.123779
4 0.599253 0.447476 0.112908 0.118893
4 0.695924 0.432614 0.082609 0.129886
4 0.774864 0.416124 0.079348 0.140879
4 0.351019 0.798351 0.069973 0.147191
4 0.421060 0.793567 0.080435 0.134772
4 0.498437 0.810770 0.072147 0.128461
4 0.569973 0.806901 0.081522 0.117467
4 0.647351 0.806901 0.085734 0.117467
4 0.726223 0.810871 0.080435 0.134772
0 0.534986 0.489821 0.565353 0.307003
1 0.541304 0.736360 0.454620 0.305375
