4 0.262704 0.327667 0.100408 0.154927
4 0.343750 0.333164 0.074185 0.134568
4 0.436753 0.364515 0.111821 0.165920
4 0.556929 0.378563 0.120109 0.115839
4 0.654144 0.371539 0.082473 0.120521
4 0.738247 0.350468 0.089810 0.115839
4 0.308152 0.690961 0.101359 0.161238
4 0.380842 0.683937 0.052174 0.137826
5 0.443003 0.690248 0.080571 0.134568
5 0.512024 0.696458 0.065897 0.131515
5 0.590897 0.711421 0.085598 0.126832
4 0.675000 0.711421 0.082609 0.130090
0 0.496332 0.400448 0.571739 0.316368
1 0.486889 0.636197 0.465082 0.292752
