5 0.255978 0.395867 0.095109 0.128461
6 0.346332 0.398921 0.087772 0.147191
5 0.449796 0.420094 0.121332 0.145562
5 0.569497 0.441266 0.111821 0.156555
5 0.665082 0.459283 0.079348 0.139251
5 0.742459 0.466307 0.077310 0.141083
6 0.290965 0.763131 0.089810 0.136197
6 0.373505 0.779520 0.077446 0.140879
6 0.452446 0.788884 0.074185 0.131515
6 0.528193 0.793669 0.077310 0.128461
6 0.600815 0.801405 0.074185 0.137826
6 0.677106 0.808530 0.069973 0.139454
0 0.498437 0.485851 0.573777 0.324308
1 0.482677 0.740228 0.467255 0.291531
