6 0.232405 0.418567 0.091984 0.120521
6 0.322351 0.417752 0.091984 0.140879
5 0.424185 0.406046 0.120109 0.145562
5 0.538111 0.406759 0.111821 0.150244
6 0.635326 0.436584 0.082609 0.134568
6 0.716848 0.451344 0.080435 0.151873
5 0.270041 0.778807 0.075136 0.117467
6 0.347351 0.778807 0.077310 0.126832
6 0.421603 0.772394 0.075272 0.142508
6 0.493750 0.775651 0.060598 0.123779
6 0.565761 0.777178 0.081522 0.139454
6 0.635870 0.788884 0.062772 0.122150
0 0.469090 0.492060 0.580027 0.314739
1 0.456114 0.720073 0.428533 0.275651
