5 0.276834 0.482797 0.107745 0.158184
5 0.354144 0.486665 0.044973 0.134568
5 0.438315 0.477199 0.121196 0.131515
4 0.561617 0.492875 0.123234 0.122150
4 0.665149 0.505395 0.077310 0.125204
4 0.735666 0.500000 0.059647 0.139251
4 0.288315 0.910322 0.116033 0.126832
5 0.376630 0.871946 0.075272 0.134772
5 0.446671 0.873473 0.079484 0.137826
5 0.524049 0.876629 0.075272 0.144137
5 0.597147 0.881311 0.081522 0.153502
4 0.683899 0.907064 0.089810 0.148819
0 0.492663 0.545297 0.543478 0.289699
1 0.478533 0.831230 0.498641 0.303746
