4 0.291508 0.395765 0.090897 0.153502
4 0.380842 0.403705 0.089946 0.144137
4 0.485870 0.409914 0.118207 0.125204
4 0.601359 0.420094 0.112772 0.148819
4 0.703193 0.434243 0.084647 0.161238
4 0.786821 0.430273 0.088859 0.156555
5 0.331182 0.714475 0.101495 0.139454
5 0.421060 0.712134 0.076359 0.134772
4 0.497826 0.713660 0.081522 0.128461
4 0.568954 0.717630 0.064810 0.123779
4 0.640557 0.737174 0.080571 0.144137
4 0.727310 0.745827 0.088859 0.139454
0 0.536005 0.473331 0.584239 0.314739
1 0.524524 0.672231 0.496332 0.296010
