5 0.295109 0.417752 0.089946 0.159609
5 0.387092 0.441164 0.098370 0.172231
4 0.498370 0.447476 0.116033 0.166124
4 0.620652 0.474857 0.122283 0.126832
4 0.714810 0.476486 0.067935 0.132940
4 0.781590 0.481169 0.072147 0.145562
5 0.340557 0.781046 0.093071 0.150448
4 0.428872 0.781046 0.091984 0.134568
4 0.513519 0.777178 0.079484 0.126832
4 0.593003 0.788884 0.085734 0.125407
4 0.669837 0.796010 0.067935 0.123779
4 0.742935 0.817081 0.086685 0.143933
0 0.530774 0.500000 0.580027 0.336726
1 0.531861 0.734833 0.513179 0.321050
