5 0.262228 0.397394 0.109783 0.159609
6 0.362024 0.394239 0.094158 0.165920
4 0.472758 0.402789 0.119158 0.167549
4 0.592459 0.411441 0.111821 0.150244
4 0.696943 0.409100 0.090897 0.136197
4 0.779076 0.398208 0.075272 0.139251
4 0.366712 0.774023 0.061685 0.136401
5 0.438315 0.771682 0.083696 0.125204
5 0.517255 0.782675 0.074185 0.119096
5 0.590897 0.788070 0.077446 0.120521
5 0.671332 0.786543 0.094022 0.120725
5 0.752921 0.779418 0.073234 0.097109
0 0.509918 0.464678 0.609239 0.310057
1 0.555299 0.718343 0.461957 0.269340
