4 0.273709 0.381718 0.093071 0.153502
4 0.359443 0.362174 0.084647 0.120521
4 0.463927 0.353522 0.126495 0.137826
4 0.591916 0.367671 0.127582 0.153502
4 0.695992 0.387215 0.084647 0.167752
4 0.783764 0.389556 0.084647 0.172435
5 0.359918 0.734121 0.085598 0.144137
5 0.434103 0.729438 0.062772 0.153502
5 0.510394 0.743485 0.089810 0.156759
5 0.594565 0.747353 0.082609 0.155130
5 0.672418 0.751323 0.079348 0.141083
5 0.750815 0.756820 0.079348 0.136197
0 0.525068 0.444320 0.602038 0.350774
1 0.555910 0.680069 0.477582 0.292956
