6 0.284103 0.327769 0.101359 0.164495
5 0.358356 0.381006 0.061549 0.158184
5 0.442459 0.407573 0.100408 0.142508
5 0.547554 0.404418 0.113859 0.123575
5 0.650476 0.402891 0.091984 0.142508
6 0.734103 0.398208 0.079348 0.139251
4 0.341644 0.772394 0.080571 0.151873
4 0.417391 0.752850 0.069022 0.134772
4 0.481726 0.755191 0.072147 0.145562
4 0.550136 0.763029 0.066848 0.129886
4 0.616440 0.764556 0.067935 0.136197
4 0.694361 0.766287 0.089810 0.142508
0 0.503601 0.431087 0.546603 0.374389
1 0.524049 0.714475 0.434783 0.277077
