6 0.258560 0.325326 0.083696 0.131515
5 0.345856 0.312093 0.084647 0.114414
4 0.449253 0.321356 0.113995 0.126832
6 0.565285 0.332349 0.115897 0.136197
6 0.677649 0.356678 0.104484 0.153502
6 0.778533 0.357492 0.088859 0.151873
5 0.332745 0.586116 0.077446 0.129886
5 0.401155 0.593139 0.063723 0.143933
6 0.468614 0.655741 0.075272 0.172231
6 0.544361 0.676099 0.076223 0.150244
5 0.625951 0.648005 0.088859 0.150244
5 0.706861 0.640879 0.077310 0.164495
0 0.518750 0.399023 0.612500 0.285016
1 0.522418 0.611156 0.450543 0.289902
