5 0.241848 0.366042 0.094022 0.131515
6 0.336957 0.359833 0.096196 0.165920
6 0.451902 0.353522 0.133696 0.159813
5 0.583016 0.368384 0.128533 0.186279
5 0.686005 0.394239 0.075272 0.150448
4 0.764402 0.384161 0.083696 0.142508
5 0.310802 0.703583 0.085734 0.155130
6 0.396467 0.709080 0.089946 0.162866
5 0.482201 0.710607 0.085598 0.153298
6 0.569973 0.713762 0.094022 0.131515
6 0.653057 0.712134 0.078397 0.140879
5 0.722554 0.720786 0.060598 0.145562
0 0.497894 0.408388 0.610462 0.297638
1 0.510394 0.658184 0.487092 0.296010
