5 0.270041 0.412256 0.077310 0.145765
5 0.342187 0.406046 0.071060 0.126832
6 0.439334 0.395053 0.121332 0.132940
5 0.558967 0.406759 0.116033 0.150244
5 0.659918 0.423962 0.087772 0.125204
5 0.740897 0.420094 0.067935 0.117467
5 0.330639 0.738701 0.066984 0.147191
6 0.397554 0.737989 0.075272 0.151873
6 0.470177 0.744300 0.072147 0.151873
6 0.543342 0.747455 0.070109 0.136197
5 0.613927 0.766185 0.077310 0.139454
4 0.682880 0.777891 0.062772 0.144137
0 0.502582 0.458469 0.544565 0.297638
1 0.505707 0.708265 0.423370 0.299267
