5 0.279484 0.380191 0.087772 0.137826
5 0.367188 0.377850 0.085734 0.133143
5 0.474389 0.378563 0.124321 0.137826
4 0.602378 0.390371 0.121332 0.148819
4 0.698505 0.395867 0.081522 0.147191
5 0.774864 0.415411 0.073098 0.167549
5 0.337976 0.713660 0.085734 0.137826
6 0.417391 0.708265 0.081522 0.139251
6 0.497351 0.709792 0.078397 0.148819
6 0.575747 0.717630 0.080571 0.142508
5 0.652582 0.723127 0.073098 0.150244
6 0.724117 0.741958 0.072147 0.137826
0 0.523981 0.452972 0.578940 0.308632
1 0.523981 0.668261 0.470245 0.310057
