6 0.247554 0.338660 0.092935 0.136197
6 0.336957 0.348840 0.081522 0.131718
4 0.433084 0.359833 0.104484 0.141083
5 0.545448 0.377748 0.113995 0.126832
6 0.642663 0.377036 0.080435 0.128257
5 0.717935 0.387215 0.061685 0.145765
5 0.275747 0.693404 0.099321 0.103420
4 0.363587 0.688721 0.076359 0.103420
4 0.436209 0.684752 0.071060 0.098738
4 0.510938 0.689536 0.078397 0.101792
4 0.583560 0.701140 0.069022 0.112785
4 0.654144 0.745827 0.069973 0.114210
0 0.474389 0.433428 0.546603 0.328990
1 0.458696 0.669076 0.471467 0.289699
