5 0.300883 0.383347 0.084647 0.140879
5 0.387636 0.386401 0.086685 0.140879
4 0.492120 0.395053 0.122283 0.139454
5 0.618614 0.412357 0.128533 0.158184
5 0.723098 0.418567 0.082609 0.145765
5 0.793682 0.420094 0.056386 0.136197
5 0.331726 0.727097 0.083560 0.136197
5 0.413791 0.730965 0.084647 0.125204
5 0.498370 0.734019 0.080435 0.128461
4 0.580435 0.749695 0.079348 0.119096
4 0.653601 0.760688 0.079484 0.137826
4 0.727310 0.786645 0.065761 0.142508
0 0.538587 0.452972 0.564402 0.286645
1 0.527649 0.702769 0.467255 0.325733
