4 0.257473 0.379377 0.102446 0.126832
5 0.346875 0.377748 0.074185 0.126832
5 0.446671 0.379377 0.127582 0.132940
6 0.566304 0.384059 0.116033 0.130090
6 0.664538 0.399735 0.074185 0.130090
4 0.735666 0.421621 0.065897 0.151873
5 0.260122 0.732492 0.055299 0.109528
5 0.336413 0.723840 0.099185 0.117467
5 0.423641 0.720786 0.073098 0.126832
5 0.496875 0.726181 0.075272 0.122150
5 0.569973 0.734833 0.075272 0.126832
5 0.637432 0.745114 0.044973 0.140879
0 0.486889 0.462439 0.565353 0.302321
1 0.448777 0.680782 0.428533 0.285016
