5 0.313927 0.336319 0.089810 0.137622
4 0.399592 0.351181 0.087772 0.151873
5 0.506182 0.360546 0.125408 0.151873
4 0.631114 0.377036 0.130707 0.147394
4 0.733016 0.376221 0.069022 0.123779
4 0.800476 0.370725 0.065897 0.131515
4 0.371399 0.688620 0.104484 0.128461
4 0.454484 0.683937 0.076359 0.119096
5 0.525611 0.696559 0.063723 0.128461
5 0.594565 0.695745 0.076359 0.120725
5 0.668207 0.695643 0.069022 0.133143
5 0.736685 0.693302 0.074185 0.137826
0 0.551223 0.409914 0.570652 0.294585
1 0.544905 0.639353 0.459918 0.258347
