6 0.220924 0.283795 0.056522 0.133143
6 0.302446 0.284711 0.112772 0.147191
6 0.409035 0.300998 0.102310 0.158184
6 0.524049 0.315961 0.121196 0.134772
6 0.633764 0.319931 0.096060 0.126832
6 0.733560 0.324613 0.099185 0.136197
6 0.302378 0.680069 0.091984 0.132940
6 0.393342 0.674572 0.087772 0.131718
6 0.468614 0.680069 0.060598 0.152077
6 0.539130 0.682410 0.082609 0.150244
6 0.616508 0.686380 0.069973 0.158184
6 0.692799 0.704296 0.084783 0.159813
0 0.486413 0.360546 0.591576 0.305375
1 0.496264 0.633856 0.486005 0.313314
