5 0.245448 0.336319 0.084647 0.122150
4 0.333764 0.330008 0.091984 0.122150
4 0.442459 0.350366 0.116984 0.134772
4 0.562704 0.358204 0.112908 0.134568
4 0.659375 0.359833 0.080435 0.134568
4 0.737772 0.353522 0.080435 0.128461
6 0.285734 0.709792 0.081522 0.148819
6 0.370856 0.726283 0.093071 0.141083
5 0.452921 0.723840 0.073234 0.148819
5 0.523505 0.726283 0.074185 0.141083
5 0.596671 0.726283 0.076223 0.141083
5 0.683356 0.730965 0.097147 0.134568
0 0.488995 0.410016 0.573913 0.285016
1 0.487432 0.661238 0.487092 0.283388
