5 0.302921 0.408388 0.099321 0.150244
5 0.390761 0.387215 0.080435 0.123779
5 0.489538 0.388029 0.117120 0.125407
4 0.606522 0.393526 0.114946 0.142508
4 0.714742 0.400550 0.097147 0.147191
4 0.805163 0.402891 0.081522 0.148616
5 0.375611 0.748982 0.096060 0.139251
5 0.461277 0.748982 0.083696 0.142508
5 0.527649 0.748168 0.051223 0.140879
5 0.589810 0.754377 0.081522 0.137826
5 0.660394 0.759059 0.065897 0.137826
5 0.740829 0.774735 0.078397 0.137826
0 0.550679 0.453787 0.592663 0.291124
1 0.554348 0.701242 0.453533 0.291327
