4 0.318139 0.348840 0.077310 0.131718
5 0.398098 0.368485 0.080435 0.123779
5 0.501495 0.365330 0.128533 0.136197
5 0.623845 0.375509 0.120245 0.137826
4 0.722079 0.379377 0.078397 0.132940
5 0.795720 0.381006 0.071060 0.139454
0 0.555842 0.429458 0.557065 0.308428
6 0.388723 0.718445 0.095109 0.125407
6 0.473845 0.728624 0.085734 0.123779
5 0.553804 0.729438 0.074185 0.112785
5 0.626970 0.737989 0.072147 0.114414
5 0.688111 0.743485 0.058560 0.112785
5 0.757609 0.763844 0.088859 0.134772
1 0.569429 0.686380 0.463043 0.299064
