5 0.265285 0.321458 0.084647 0.142508
6 0.340557 0.326954 0.065897 0.125407
6 0.427853 0.345684 0.110870 0.134772
5 0.543342 0.359833 0.109783 0.125204
5 0.634239 0.362072 0.074185 0.117467
5 0.715829 0.345786 0.084647 0.106474
5 0.295109 0.630700 0.083696 0.140879
5 0.369837 0.628359 0.072011 0.148819
5 0.442527 0.629886 0.075272 0.151873
5 0.513587 0.633042 0.066848 0.145562
5 0.581522 0.643221 0.069022 0.150448
5 0.652514 0.650346 0.071060 0.154927
0 0.488995 0.384161 0.536141 0.274023
1 0.470177 0.605761 0.440082 0.259976
