6 0.321264 0.456128 0.106658 0.152077
6 0.427310 0.449104 0.107609 0.134772
6 0.527174 0.470989 0.081522 0.159813
6 0.611277 0.463151 0.082609 0.140879
6 0.699049 0.480456 0.095109 0.203583
6 0.794158 0.497557 0.086685 0.172231
5 0.355707 0.781861 0.089946 0.139454
5 0.443003 0.774023 0.084647 0.136401
5 0.514606 0.774837 0.064810 0.134772
6 0.588315 0.777891 0.082609 0.134772
5 0.665082 0.787357 0.079348 0.147191
6 0.741372 0.813111 0.077310 0.123779
0 0.548573 0.530436 0.571603 0.319422
1 0.547486 0.734833 0.471332 0.292956
