5 0.260054 0.378563 0.088859 0.125204
6 0.346332 0.384874 0.081522 0.134568
6 0.445652 0.393526 0.117120 0.142508
6 0.560530 0.394239 0.119158 0.137826
6 0.661413 0.409914 0.082609 0.156555
6 0.743478 0.403705 0.081522 0.144137
6 0.312364 0.743485 0.082609 0.137622
6 0.389198 0.738803 0.068886 0.134772
6 0.455571 0.736462 0.076359 0.126832
6 0.520924 0.739617 0.060598 0.129886
6 0.585666 0.737989 0.073234 0.123779
6 0.659375 0.756820 0.082609 0.130090
0 0.495788 0.453787 0.570652 0.281759
1 0.485326 0.680069 0.428533 0.289699
