5 0.231861 0.327667 0.099321 0.145562
5 0.327514 0.327769 0.098234 0.151873
6 0.439878 0.324613 0.128668 0.145562
6 0.567391 0.334792 0.126359 0.150448
4 0.672962 0.339475 0.095109 0.159813
4 0.767052 0.372353 0.090897 0.159609
6 0.313383 0.652586 0.090897 0.156555
5 0.403804 0.655843 0.087772 0.159813
5 0.485394 0.676914 0.071060 0.148616
5 0.559035 0.680069 0.082473 0.139454
5 0.636889 0.688721 0.079484 0.134772
5 0.722079 0.709080 0.084647 0.162866
0 0.495788 0.400550 0.631250 0.310057
1 0.518750 0.636197 0.495380 0.324104
