5 0.267935 0.327667 0.081522 0.139454
6 0.350476 0.332451 0.083560 0.133143
5 0.461277 0.349654 0.135870 0.130090
5 0.590353 0.351181 0.122283 0.105049
5 0.689130 0.349654 0.079348 0.108103
5 0.761753 0.343445 0.076223 0.111156
6 0.344293 0.709080 0.087772 0.122150
6 0.429959 0.709792 0.083560 0.123575
5 0.511413 0.712948 0.081522 0.127036
5 0.591440 0.716918 0.082609 0.125204
6 0.668207 0.719259 0.073098 0.133143
4 0.739878 0.724756 0.072147 0.144137
0 0.512024 0.393424 0.573777 0.289699
1 0.538655 0.662052 0.474592 0.275651
