5 0.284171 0.304967 0.103397 0.144137
5 0.382948 0.312805 0.091984 0.128461
4 0.491644 0.315147 0.131658 0.145765
4 0.619633 0.316673 0.128668 0.148819
5 0.726766 0.333164 0.085598 0.165920
5 0.812976 0.347313 0.090897 0.175489
5 0.346332 0.709080 0.102446 0.140879
4 0.436753 0.696559 0.090897 0.128461
4 0.510394 0.693302 0.073234 0.128461
4 0.584103 0.690248 0.086685 0.141083
5 0.663519 0.684752 0.072147 0.148819
5 0.737704 0.686380 0.072147 0.145562
0 0.545380 0.391185 0.632337 0.322679
1 0.534986 0.628461 0.490082 0.274023
