6 0.324389 0.361360 0.083560 0.140879
6 0.401155 0.359731 0.072147 0.131515
6 0.492663 0.377748 0.114946 0.158184
6 0.606522 0.390371 0.114946 0.161441
6 0.700136 0.394951 0.076359 0.142508
6 0.770652 0.391083 0.066848 0.144137
5 0.381386 0.687907 0.080435 0.129886
4 0.459171 0.691775 0.085734 0.122150
4 0.540761 0.706739 0.081522 0.117467
4 0.613927 0.712948 0.071060 0.117264
4 0.683356 0.719971 0.078397 0.115839
4 0.755027 0.727809 0.066848 0.118893
0 0.541236 0.427117 0.525679 0.288274
1 0.564266 0.661340 0.446196 0.258347
