6 0.236617 0.348840 0.098234 0.165920
6 0.327038 0.338660 0.080435 0.167549
5 0.443546 0.327667 0.144158 0.139454
6 0.589810 0.329296 0.148370 0.176914
6 0.702717 0.339373 0.079348 0.194218
5 0.790014 0.364515 0.090897 0.141083
5 0.288859 0.766999 0.083696 0.143933
5 0.367731 0.763844 0.076223 0.140879
5 0.442459 0.763029 0.079484 0.133143
5 0.522962 0.766999 0.081522 0.128461
5 0.604484 0.769239 0.079348 0.117467
5 0.690761 0.773208 0.095109 0.118893
0 0.509375 0.416938 0.650000 0.346091
1 0.491576 0.685566 0.497554 0.310057
