5 0.298777 0.431087 0.080435 0.126832
6 0.378261 0.413783 0.074185 0.126832
6 0.482745 0.388029 0.128533 0.150244
5 0.614402 0.398208 0.124457 0.151873
5 0.713723 0.402077 0.076359 0.140879
5 0.794701 0.409202 0.077446 0.151873
5 0.365693 0.783388 0.099321 0.123779
6 0.448709 0.771682 0.077310 0.150448
5 0.524524 0.774837 0.069973 0.134772
4 0.593546 0.774837 0.069973 0.122150
4 0.663043 0.777077 0.073098 0.133143
4 0.738247 0.783489 0.071060 0.126832
0 0.548573 0.452260 0.582201 0.300692
1 0.546467 0.712134 0.463043 0.281759
