4 0.301427 0.360647 0.079484 0.117467
4 0.374049 0.359731 0.076359 0.112785
5 0.472283 0.359833 0.116033 0.125204
4 0.592459 0.377036 0.124321 0.156759
4 0.693342 0.394239 0.083696 0.137826
4 0.774321 0.408388 0.082609 0.134772
5 0.379212 0.696559 0.095109 0.147191
6 0.469701 0.706637 0.087772 0.173860
5 0.550136 0.723840 0.075272 0.126832
5 0.624864 0.743485 0.076359 0.122150
5 0.699592 0.759874 0.087772 0.145562
5 0.766984 0.761502 0.053261 0.145562
0 0.537636 0.438111 0.558152 0.288274
1 0.562160 0.670603 0.462908 0.336726
