4 0.257473 0.366857 0.087772 0.142508
4 0.342663 0.360546 0.086685 0.129886
4 0.448777 0.367671 0.110870 0.159609
4 0.574117 0.372353 0.119158 0.153502
4 0.670856 0.383347 0.074321 0.144137
4 0.749253 0.391185 0.086821 0.137826
4 0.297758 0.723127 0.072147 0.112785
5 0.365149 0.723127 0.073234 0.118893
5 0.436753 0.736462 0.072147 0.148819
5 0.509918 0.756718 0.070109 0.142508
5 0.580435 0.763029 0.066848 0.129886
5 0.649932 0.780232 0.076223 0.136197
0 0.502038 0.435770 0.579076 0.317793
1 0.476970 0.710607 0.428397 0.278705
