5 0.241236 0.378563 0.105571 0.150448
4 0.337432 0.398208 0.093071 0.133143
4 0.438315 0.429458 0.104620 0.148819
4 0.551223 0.437296 0.121196 0.145765
4 0.661957 0.454499 0.102446 0.136197
4 0.748166 0.451445 0.072147 0.139454
5 0.305571 0.716918 0.087772 0.128461
5 0.391236 0.730965 0.077310 0.131718
5 0.466033 0.742773 0.080435 0.126832
5 0.542323 0.748168 0.076223 0.109528
5 0.619090 0.754377 0.083560 0.115839
4 0.696467 0.761502 0.073098 0.120725
0 0.483764 0.459996 0.600951 0.322679
1 0.497826 0.685566 0.468207 0.281963
