4 0.337145 0.353029 0.087358 0.118174
4 0.425710 0.353029 0.091761 0.127986
4 0.531108 0.358788 0.114773 0.126280
5 0.642614 0.383426 0.105966 0.146118
5 0.728906 0.406463 0.066619 0.129480
5 0.805895 0.395798 0.080824 0.140998
5 0.440412 0.714910 0.086222 0.132892
5 0.515767 0.712457 0.064489 0.141212
5 0.582457 0.715764 0.068892 0.147824
5 0.658452 0.723123 0.080824 0.142918
5 0.738139 0.731335 0.076563 0.142705
5 0.806960 0.737095 0.063352 0.140998
0 0.568821 0.437607 0.554972 0.287329
1 0.615838 0.669049 0.450142 0.283916
