4 0.320720 0.335505 0.109647 0.145765
4 0.415285 0.350468 0.077310 0.156555
4 0.518274 0.387215 0.124321 0.142508
4 0.634239 0.395765 0.107609 0.122150
4 0.712636 0.396580 0.047011 0.101792
4 0.781658 0.384874 0.088859 0.128461
5 0.320720 0.725468 0.074321 0.139454
5 0.398098 0.732492 0.082609 0.140879
5 0.471739 0.739515 0.069022 0.126832
5 0.539674 0.740432 0.069022 0.131515
5 0.604008 0.746641 0.057473 0.119096
5 0.676087 0.756820 0.088859 0.126832
0 0.545448 0.423249 0.567527 0.327362
1 0.503668 0.666836 0.442120 0.310057
