6 0.246535 0.435770 0.090897 0.130090
6 0.343682 0.425590 0.093071 0.128461
6 0.449796 0.413070 0.115082 0.122150
6 0.565761 0.427932 0.108696 0.145765
6 0.665082 0.444422 0.087772 0.162866
5 0.736685 0.452972 0.061685 0.186482
5 0.258016 0.749695 0.105435 0.159813
6 0.352106 0.748982 0.086821 0.139251
5 0.425747 0.746641 0.073234 0.137826
5 0.499457 0.750509 0.072011 0.126832
4 0.572622 0.746641 0.078397 0.128461
4 0.645788 0.758449 0.065761 0.126832
0 0.482745 0.496132 0.565489 0.294381
1 0.441440 0.695033 0.472283 0.259772
