5 0.553125 0.272801 0.108696 0.131515
5 0.444429 0.268119 0.108696 0.131515
5 0.340014 0.260281 0.085734 0.115839
5 0.643614 0.286849 0.070109 0.118893
4 0.712568 0.316572 0.076223 0.100163
4 0.262160 0.277484 0.076223 0.100163
5 0.443478 0.626629 0.075272 0.112785
5 0.506114 0.629682 0.075272 0.112785
5 0.577174 0.637419 0.075272 0.112785
5 0.657745 0.637419 0.075272 0.112785
5 0.372418 0.610953 0.075272 0.112785
5 0.297147 0.601588 0.075272 0.112785
1 0.480027 0.562398 0.432609 0.278705
0 0.488927 0.351792 0.527853 0.292752
