5 0.574117 0.360444 0.127582 0.134568
5 0.450747 0.343343 0.127582 0.134568
5 0.334715 0.358103 0.085734 0.105049
5 0.236481 0.351792 0.085734 0.105049
5 0.682813 0.398819 0.085734 0.105049
5 0.764334 0.411441 0.085734 0.105049
5 0.622147 0.764454 0.066848 0.122150
5 0.703668 0.773819 0.066848 0.122150
5 0.537500 0.761197 0.066848 0.122150
5 0.453940 0.753461 0.066848 0.122150
5 0.372418 0.745521 0.066848 0.122150
5 0.283696 0.747150 0.066848 0.122150
1 0.497283 0.677524 0.496467 0.317997
0 0.498845 0.444320 0.610462 0.321050
