5 0.233967 0.395765 0.082609 0.144137
5 0.318614 0.406759 0.086685 0.140879
5 0.421603 0.415411 0.114946 0.132940
5 0.537024 0.417752 0.118071 0.131515
4 0.628533 0.426405 0.069022 0.114210
4 0.698030 0.421621 0.069973 0.142508
5 0.264266 0.713762 0.086685 0.134772
5 0.348913 0.730965 0.082609 0.141083
5 0.428397 0.729438 0.080435 0.140879
5 0.509375 0.734833 0.073098 0.130090
5 0.583560 0.738803 0.079348 0.131515
4 0.659918 0.745827 0.069022 0.120725
0 0.458628 0.459996 0.546603 0.281963
1 0.456590 0.674572 0.477582 0.272598
