5 0.566236 0.350366 0.120245 0.142508
6 0.670245 0.380802 0.085598 0.131718
5 0.436141 0.322883 0.133696 0.144137
5 0.749185 0.434853 0.080435 0.111156
5 0.321739 0.333062 0.080435 0.111156
5 0.240217 0.307818 0.080435 0.111156
5 0.578261 0.759772 0.079348 0.125407
5 0.499864 0.711319 0.079348 0.125407
5 0.419293 0.695643 0.079348 0.125407
5 0.329348 0.687907 0.079348 0.125407
5 0.240489 0.679967 0.079348 0.125407
5 0.663723 0.773819 0.079348 0.125407
0 0.491508 0.437195 0.578940 0.391490
1 0.453940 0.675285 0.510054 0.344463
