5 0.565693 0.377647 0.119158 0.118893
5 0.442459 0.335301 0.119158 0.118893
5 0.331046 0.329194 0.090897 0.140879
5 0.235937 0.377850 0.090897 0.140879
6 0.665421 0.432614 0.090897 0.140879
5 0.743342 0.401160 0.054348 0.125204
6 0.580842 0.774634 0.061685 0.142508
6 0.507745 0.767610 0.070109 0.141083
6 0.427174 0.751934 0.070109 0.141083
6 0.351902 0.745827 0.070109 0.141083
6 0.257337 0.740941 0.089946 0.147191
6 0.654008 0.820847 0.078397 0.156759
1 0.454891 0.723738 0.482880 0.347720
0 0.481046 0.441877 0.572690 0.360138
