5 0.625883 0.401975 0.111821 0.108103
6 0.491101 0.389556 0.111821 0.108103
6 0.388587 0.375305 0.097283 0.095480
6 0.285666 0.362072 0.110734 0.137826
5 0.729280 0.387826 0.082473 0.129886
5 0.732948 0.772903 0.075136 0.136197
5 0.797758 0.458164 0.075136 0.136197
5 0.661889 0.752545 0.075136 0.136197
6 0.430435 0.713660 0.097283 0.095480
6 0.501495 0.727708 0.097283 0.095480
5 0.584579 0.750916 0.075136 0.136197
5 0.338927 0.728929 0.075136 0.136197
1 0.536005 0.694829 0.475543 0.305375
0 0.532813 0.460607 0.607201 0.341409
