6 0.553193 0.328379 0.104484 0.111156
6 0.431997 0.317590 0.104484 0.111156
6 0.335802 0.344768 0.079484 0.103217
6 0.250068 0.348025 0.079484 0.103217
5 0.655027 0.345582 0.088859 0.120725
6 0.742323 0.335403 0.079484 0.103217
5 0.688519 0.728522 0.069973 0.097109
5 0.617459 0.711217 0.069973 0.097109
5 0.541101 0.690859 0.069973 0.097109
5 0.469090 0.679866 0.069973 0.097109
5 0.398030 0.681494 0.069973 0.097109
5 0.317595 0.712643 0.069973 0.097109
1 0.501970 0.658693 0.441168 0.248982
0 0.496196 0.401975 0.571739 0.289699
