5 0.547418 0.391083 0.128533 0.101792
5 0.419837 0.384772 0.128533 0.101792
5 0.317527 0.368282 0.074185 0.134772
5 0.657201 0.387113 0.105435 0.103217
5 0.755435 0.372964 0.076359 0.112785
4 0.238043 0.329906 0.074185 0.148819
6 0.504076 0.721397 0.073098 0.104845
6 0.585598 0.727708 0.073098 0.104845
5 0.419905 0.712846 0.093071 0.137826
6 0.658696 0.738701 0.073098 0.104845
6 0.743342 0.765167 0.073098 0.104845
5 0.329008 0.704194 0.084647 0.139251
1 0.534851 0.683021 0.498505 0.297638
0 0.498845 0.423147 0.595788 0.332044
