6 0.273166 0.433428 0.079484 0.134772
6 0.355774 0.448290 0.083560 0.139251
5 0.459239 0.455415 0.121196 0.131515
5 0.582065 0.472618 0.116033 0.137826
5 0.688587 0.478827 0.082609 0.137622
5 0.760190 0.461625 0.066848 0.159813
5 0.312908 0.800692 0.083696 0.142508
5 0.393410 0.799064 0.085734 0.136401
5 0.474864 0.796722 0.073098 0.131718
5 0.547011 0.799878 0.077446 0.125407
6 0.632133 0.817895 0.090897 0.130090
5 0.705842 0.823290 0.054348 0.122150
0 0.513043 0.510179 0.561141 0.288274
1 0.501495 0.753664 0.463043 0.261401
