6 0.570448 0.308021 0.105571 0.120521
6 0.456590 0.306393 0.105571 0.120521
6 0.667120 0.325224 0.089946 0.114210
5 0.753329 0.316572 0.069973 0.125407
5 0.354076 0.297842 0.091033 0.122150
4 0.296603 0.318913 0.040761 0.098738
5 0.687568 0.695440 0.069973 0.125407
5 0.616508 0.686075 0.069973 0.125407
5 0.537024 0.684650 0.069973 0.125407
5 0.480639 0.683021 0.069973 0.125407
5 0.414878 0.689332 0.069973 0.125407
5 0.335258 0.675081 0.069973 0.125407
1 0.509307 0.607085 0.420245 0.305375
0 0.532337 0.381515 0.510054 0.296010
