6 0.554280 0.383245 0.125408 0.126832
6 0.440285 0.384874 0.125408 0.126832
5 0.322758 0.390167 0.090897 0.109731
5 0.229687 0.384059 0.090897 0.109731
5 0.648709 0.395053 0.090897 0.109731
5 0.740693 0.398107 0.090897 0.109731
6 0.521807 0.786441 0.083560 0.112785
6 0.435122 0.780334 0.083560 0.112785
6 0.356726 0.774226 0.083560 0.112785
5 0.276766 0.788783 0.082609 0.136197
6 0.606454 0.783388 0.083560 0.112785
5 0.693682 0.799165 0.090897 0.109731
1 0.488859 0.725366 0.508967 0.275651
0 0.486821 0.474756 0.602989 0.294381
