6 0.411549 0.431698 0.149457 0.167549
6 0.550543 0.420704 0.149457 0.167549
6 0.295584 0.478726 0.099321 0.126832
6 0.202514 0.447374 0.099321 0.126832
6 0.773166 0.448188 0.099321 0.128461
6 0.671807 0.457553 0.099321 0.128461
6 0.448166 0.785627 0.084647 0.111156
6 0.288111 0.798962 0.099321 0.128461
5 0.375543 0.789597 0.066848 0.115839
5 0.535462 0.798962 0.066848 0.115839
5 0.607609 0.802015 0.066848 0.115839
5 0.697418 0.819320 0.089946 0.128461
1 0.493614 0.751221 0.512228 0.283388
0 0.489402 0.499796 0.666848 0.328990
