6 0.662432 0.300896 0.105571 0.134772
6 0.760666 0.322883 0.105571 0.134772
6 0.423166 0.304153 0.105571 0.134772
5 0.535394 0.275957 0.116984 0.147191
6 0.331046 0.285220 0.072147 0.112785
6 0.852649 0.338559 0.072147 0.112785
5 0.709986 0.705008 0.083560 0.112785
6 0.806658 0.712744 0.095109 0.116042
5 0.632541 0.687704 0.083560 0.112785
5 0.559307 0.675081 0.083560 0.112785
5 0.475747 0.684446 0.083560 0.112785
5 0.367052 0.710912 0.083560 0.112785
1 0.589742 0.644646 0.533016 0.267712
0 0.593954 0.375305 0.587364 0.343037
