5 0.572486 0.364312 0.105571 0.126832
5 0.452242 0.356372 0.105571 0.126832
5 0.355639 0.362072 0.071060 0.119096
5 0.273166 0.366755 0.071060 0.119096
5 0.658764 0.396478 0.071060 0.119096
5 0.755435 0.422333 0.095109 0.136197
5 0.599728 0.905436 0.074185 0.097109
5 0.519293 0.885077 0.074185 0.097109
5 0.447147 0.867773 0.074185 0.097109
5 0.365625 0.853726 0.074185 0.097109
5 0.682337 0.921112 0.074185 0.097109
5 0.754484 0.913172 0.074185 0.097109
1 0.560530 0.806800 0.470245 0.328990
0 0.519226 0.460607 0.563451 0.319422
