6 0.614878 0.346397 0.127582 0.137826
6 0.489470 0.337032 0.127582 0.137826
6 0.727717 0.400448 0.102446 0.133143
6 0.824864 0.380090 0.102446 0.133143
5 0.381793 0.369809 0.081522 0.106474
5 0.304348 0.369809 0.081522 0.106474
6 0.511413 0.789597 0.087772 0.115839
6 0.596060 0.770867 0.087772 0.115839
6 0.675543 0.791226 0.087772 0.115839
6 0.423777 0.780232 0.087772 0.115839
6 0.325543 0.775550 0.087772 0.115839
5 0.769497 0.791124 0.083560 0.131515
1 0.552174 0.697985 0.535054 0.339780
0 0.574592 0.451242 0.617663 0.372761
