5 0.534375 0.379275 0.129620 0.166124
5 0.408899 0.347109 0.108560 0.145765
5 0.648302 0.395765 0.108560 0.145765
5 0.743410 0.406759 0.108560 0.145765
6 0.306522 0.369096 0.087772 0.120521
5 0.210394 0.339373 0.108560 0.145765
5 0.485802 0.795806 0.078397 0.118893
5 0.559986 0.797231 0.078397 0.118893
5 0.645720 0.792549 0.078397 0.118893
5 0.732405 0.759772 0.078397 0.118893
5 0.405231 0.758143 0.078397 0.118893
5 0.329008 0.755090 0.078397 0.118893
1 0.532269 0.706535 0.484918 0.294585
0 0.480027 0.449715 0.641848 0.353827
