6 0.483152 0.334589 0.121196 0.130090
6 0.605435 0.342325 0.121196 0.130090
5 0.376563 0.328379 0.085734 0.120521
5 0.302378 0.359731 0.085734 0.120521
5 0.704823 0.378664 0.085734 0.120521
5 0.772758 0.412866 0.085734 0.120521
6 0.431997 0.714373 0.085734 0.112785
5 0.669226 0.738599 0.085734 0.120521
5 0.592867 0.730863 0.085734 0.120521
5 0.508356 0.729438 0.085734 0.120521
5 0.346264 0.694829 0.079484 0.123779
5 0.744497 0.748168 0.079484 0.123779
1 0.549524 0.665818 0.477582 0.303950
0 0.539606 0.417549 0.558016 0.296010
