5 0.562092 0.326038 0.113859 0.137826
5 0.456522 0.305680 0.113859 0.137826
5 0.352582 0.311889 0.081522 0.103420
5 0.276359 0.322883 0.081522 0.103420
5 0.668207 0.361971 0.081522 0.103420
5 0.752853 0.393322 0.081522 0.103420
6 0.458628 0.667345 0.078397 0.112785
6 0.526563 0.653298 0.078397 0.112785
5 0.651359 0.686279 0.052174 0.103420
5 0.591712 0.667549 0.052174 0.103420
5 0.386821 0.648819 0.052174 0.103420
5 0.329348 0.653502 0.052174 0.103420
1 0.492595 0.608612 0.376223 0.280334
0 0.516101 0.396478 0.559103 0.319422
