6 0.454416 0.475570 0.134918 0.133143
6 0.592323 0.489617 0.134918 0.133143
5 0.340489 0.464577 0.092935 0.136401
5 0.245380 0.437907 0.092935 0.136401
5 0.685462 0.514658 0.092935 0.136401
5 0.770245 0.489617 0.092935 0.136401
6 0.535394 0.807614 0.085734 0.123779
6 0.607541 0.812296 0.085734 0.123779
6 0.447622 0.798249 0.085734 0.123779
6 0.368139 0.782573 0.085734 0.123779
5 0.699049 0.802932 0.092935 0.136401
5 0.276902 0.755904 0.092935 0.136401
1 0.491508 0.729947 0.518342 0.300692
0 0.508764 0.527993 0.621875 0.328787
