5 0.600747 0.347211 0.105571 0.117467
5 0.487840 0.328278 0.105571 0.117467
5 0.395924 0.340900 0.080435 0.120725
5 0.313451 0.334589 0.080435 0.120725
5 0.495245 0.710403 0.080435 0.120725
5 0.776495 0.356576 0.080435 0.120725
6 0.641508 0.756616 0.072147 0.115839
6 0.718818 0.770664 0.072147 0.115839
6 0.572486 0.729947 0.072147 0.115839
5 0.699049 0.372048 0.080435 0.120725
5 0.419022 0.735240 0.080435 0.120725
5 0.340625 0.771274 0.080435 0.120725
1 0.530231 0.675285 0.457745 0.307003
0 0.546399 0.428644 0.542527 0.311686
