6 0.229687 0.300998 0.069973 0.115839
6 0.305027 0.317386 0.080435 0.111156
5 0.407405 0.308021 0.130571 0.139251
4 0.536005 0.310362 0.122283 0.141083
4 0.643071 0.340187 0.094022 0.122150
5 0.729891 0.337744 0.073098 0.123779
6 0.285122 0.636808 0.086821 0.123779
6 0.372962 0.643831 0.095109 0.128461
5 0.457609 0.656352 0.074185 0.112785
5 0.533899 0.668974 0.074321 0.109528
5 0.610190 0.672842 0.067935 0.120521
5 0.674457 0.663477 0.062772 0.123779
0 0.482745 0.373575 0.575815 0.296010
1 0.475340 0.602199 0.467255 0.256922
