6 0.274117 0.325224 0.071060 0.114210
6 0.353125 0.340900 0.082609 0.126832
6 0.449796 0.345582 0.104484 0.139454
6 0.569973 0.361971 0.133696 0.134772
6 0.672894 0.370623 0.080571 0.111360
6 0.741304 0.371437 0.054348 0.093852
6 0.318071 0.641592 0.087772 0.136197
6 0.402717 0.648616 0.079348 0.131515
6 0.480095 0.663477 0.073234 0.117264
6 0.558492 0.666531 0.077310 0.111156
6 0.630571 0.671315 0.066848 0.117467
6 0.702174 0.701038 0.076359 0.145562
0 0.503193 0.397191 0.533016 0.267915
1 0.506793 0.623473 0.467120 0.303950
