5 0.268954 0.273514 0.050136 0.080008
5 0.345788 0.271783 0.101359 0.114414
5 0.448234 0.325224 0.107609 0.136197
5 0.567867 0.315757 0.131658 0.111156
5 0.680707 0.311889 0.096196 0.100163
5 0.770652 0.305680 0.081522 0.097109
4 0.312840 0.650957 0.060734 0.098738
4 0.386481 0.666633 0.084647 0.123575
4 0.469090 0.678339 0.082473 0.116042
4 0.547486 0.691673 0.076223 0.104845
4 0.633696 0.699511 0.085598 0.105049
5 0.707948 0.718343 0.071060 0.117467
0 0.529212 0.345480 0.570652 0.294381
1 0.516168 0.632838 0.463043 0.303950
