4 0.287228 0.463762 0.076359 0.112785
5 0.372418 0.455212 0.089946 0.098534
5 0.480027 0.439536 0.121196 0.127036
5 0.601291 0.446559 0.112908 0.115839
4 0.697962 0.465289 0.080435 0.097109
4 0.772215 0.472414 0.059647 0.104845
5 0.346807 0.747252 0.082473 0.100366
5 0.423641 0.749593 0.073098 0.098534
5 0.499389 0.752748 0.078397 0.104845
5 0.569429 0.760586 0.061685 0.095684
5 0.637908 0.755090 0.073098 0.100163
5 0.708899 0.754275 0.071060 0.105049
0 0.522486 0.496641 0.555027 0.259976
1 0.526766 0.699511 0.441033 0.214577
