4 0.279959 0.470989 0.086821 0.109731
4 0.363043 0.460098 0.079348 0.100163
6 0.458696 0.458469 0.116033 0.112785
6 0.575204 0.463151 0.112908 0.118893
5 0.668750 0.481169 0.082609 0.117467
5 0.749253 0.495318 0.076223 0.133143
5 0.334307 0.744198 0.080571 0.117467
5 0.411617 0.745012 0.069973 0.115839
5 0.480571 0.749695 0.067935 0.106474
5 0.551698 0.753664 0.076223 0.111156
5 0.624321 0.756718 0.062772 0.111156
5 0.693342 0.770867 0.069022 0.114210
0 0.511481 0.524226 0.551766 0.275651
1 0.507812 0.705110 0.437908 0.261604
