5 0.299796 0.409711 0.063723 0.108103
5 0.371332 0.407370 0.081522 0.131515
5 0.468003 0.415309 0.111821 0.150244
5 0.583492 0.417651 0.112908 0.158184
5 0.678668 0.462235 0.073098 0.103217
5 0.748166 0.463050 0.059647 0.117467
5 0.349457 0.734019 0.066848 0.117467
5 0.416304 0.739414 0.066848 0.131515
5 0.482133 0.754275 0.064810 0.133143
5 0.548030 0.766083 0.071060 0.122150
5 0.616984 0.755090 0.064674 0.109528
5 0.680707 0.756616 0.062772 0.109731
0 0.524524 0.471702 0.513179 0.281759
1 0.512908 0.693099 0.400272 0.270969
