6 0.278872 0.438009 0.076223 0.136197
5 0.355163 0.458265 0.072011 0.092427
5 0.451291 0.409813 0.118071 0.133143
6 0.567867 0.412154 0.115082 0.141083
6 0.667663 0.446559 0.086685 0.150448
5 0.741304 0.452871 0.060598 0.100366
4 0.309239 0.748880 0.074185 0.097109
4 0.392799 0.748066 0.086685 0.117467
5 0.470652 0.746539 0.062772 0.120521
5 0.537568 0.758245 0.071060 0.115839
5 0.618546 0.756616 0.084647 0.125204
5 0.693274 0.745725 0.062636 0.122150
0 0.507133 0.480151 0.533016 0.299064
1 0.498777 0.698799 0.455707 0.250611
