5 0.324321 0.398819 0.075272 0.129886
6 0.399592 0.404316 0.077446 0.116042
5 0.504076 0.392610 0.129620 0.167549
5 0.628533 0.393322 0.114946 0.172231
5 0.726223 0.416836 0.076359 0.115839
5 0.799864 0.398819 0.069022 0.133143
5 0.350476 0.734731 0.066984 0.122150
5 0.425204 0.720582 0.084647 0.147191
4 0.497826 0.748880 0.060598 0.119096
4 0.567323 0.760586 0.080571 0.142508
4 0.645720 0.770053 0.074321 0.126832
4 0.719973 0.771580 0.074185 0.120521
0 0.559511 0.443811 0.549728 0.283795
1 0.536889 0.697170 0.441984 0.269340
