6 0.248030 0.434141 0.083560 0.106474
6 0.335326 0.423046 0.092935 0.144137
6 0.450272 0.421519 0.128533 0.153298
6 0.576766 0.430069 0.134783 0.158184
5 0.684375 0.472414 0.080435 0.148819
5 0.764402 0.495114 0.075272 0.134772
6 0.279959 0.769137 0.065897 0.103420
6 0.360462 0.765269 0.095109 0.123779
5 0.445584 0.762928 0.075136 0.112581
5 0.516101 0.761401 0.072147 0.112785
5 0.595041 0.777789 0.087908 0.139454
5 0.678125 0.806800 0.076359 0.140879
0 0.502514 0.504275 0.599864 0.341612
1 0.483152 0.728929 0.474457 0.289699
