6 0.287228 0.386299 0.055435 0.080008
6 0.354687 0.375305 0.079484 0.104845
6 0.454484 0.372964 0.116033 0.134772
6 0.574660 0.394035 0.120245 0.126832
6 0.679212 0.403502 0.080435 0.111156
6 0.745041 0.423147 0.049049 0.119096
6 0.287228 0.698697 0.072011 0.103420
6 0.360870 0.700326 0.075272 0.109528
6 0.434035 0.708062 0.071060 0.100163
6 0.501019 0.715187 0.064810 0.098534
6 0.569973 0.727606 0.069022 0.111156
6 0.641033 0.755904 0.069022 0.105049
0 0.516644 0.445542 0.512092 0.268119
1 0.463451 0.662765 0.422283 0.288070
