6 0.324864 0.350265 0.074185 0.117467
6 0.408424 0.334589 0.074185 0.117467
5 0.516101 0.379275 0.118071 0.122150
5 0.644633 0.401262 0.118071 0.122150
6 0.745584 0.407471 0.077310 0.106474
6 0.830231 0.427830 0.077310 0.106474
6 0.660937 0.739515 0.077310 0.106474
6 0.729959 0.756820 0.077310 0.106474
6 0.585666 0.737887 0.077310 0.106474
6 0.504144 0.723636 0.077310 0.106474
6 0.434171 0.723636 0.077310 0.106474
5 0.334171 0.694015 0.118071 0.122150
1 0.526563 0.661136 0.483832 0.313314
0 0.577853 0.445033 0.584239 0.347720
