5 0.259035 0.322883 0.063723 0.118893
5 0.332201 0.349552 0.080435 0.140879
6 0.432541 0.349450 0.124321 0.150448
5 0.555299 0.354133 0.123370 0.159813
5 0.660870 0.372964 0.083696 0.128257
5 0.733560 0.382329 0.061685 0.103420
5 0.279891 0.647903 0.086685 0.126832
5 0.367188 0.680680 0.087908 0.148819
5 0.452921 0.684548 0.083560 0.137826
5 0.537568 0.707349 0.085734 0.130090
5 0.622758 0.697985 0.086821 0.136197
5 0.701630 0.679051 0.075272 0.126832
0 0.496264 0.401262 0.535190 0.281759
1 0.487432 0.631515 0.505842 0.278909
