5 0.629008 0.402789 0.109647 0.106474
5 0.517188 0.396478 0.109647 0.106474
5 0.415761 0.394239 0.088859 0.104845
5 0.334239 0.392610 0.088859 0.104845
5 0.729348 0.414393 0.088859 0.104845
5 0.819293 0.422333 0.088859 0.104845
5 0.388655 0.765269 0.084647 0.105049
5 0.465965 0.744910 0.084647 0.105049
5 0.539606 0.719768 0.071060 0.101995
5 0.683356 0.740024 0.084647 0.105049
5 0.771128 0.776059 0.084647 0.105049
5 0.606590 0.730761 0.071060 0.101995
1 0.580367 0.705721 0.472418 0.270969
0 0.577310 0.482594 0.576902 0.288070
