5 0.302378 0.329092 0.079484 0.115839
6 0.386549 0.337032 0.092935 0.128461
5 0.497826 0.329092 0.127446 0.175285
5 0.625815 0.323595 0.128533 0.180171
6 0.731454 0.340900 0.076223 0.148819
5 0.797283 0.396478 0.053261 0.137826
5 0.334307 0.675998 0.084647 0.104845
6 0.418342 0.675998 0.081522 0.114210
5 0.498302 0.676812 0.078397 0.125204
5 0.575679 0.670603 0.074185 0.122150
5 0.646739 0.676710 0.059511 0.131515
5 0.714674 0.701038 0.076359 0.148819
0 0.542799 0.398819 0.567391 0.336726
1 0.522283 0.629988 0.467120 0.288070
