5 0.311277 0.284507 0.097283 0.114210
5 0.398098 0.309548 0.097283 0.114210
5 0.494293 0.287561 0.097283 0.114210
5 0.609239 0.293872 0.097283 0.114210
5 0.712772 0.329906 0.097283 0.114210
5 0.815217 0.334589 0.097283 0.114210
6 0.313859 0.755904 0.100272 0.129886
5 0.417120 0.737072 0.097283 0.114210
5 0.757745 0.784100 0.097283 0.114210
5 0.655299 0.765371 0.097283 0.114210
5 0.570109 0.759874 0.079620 0.115839
5 0.501223 0.753563 0.079620 0.115839
1 0.532337 0.670501 0.547554 0.344666
0 0.563723 0.391694 0.597826 0.335098
