6 0.315965 0.391796 0.094158 0.100366
6 0.389198 0.387113 0.094158 0.100366
6 0.490693 0.377748 0.094158 0.100366
6 0.603601 0.373066 0.094158 0.100366
5 0.701630 0.419178 0.079348 0.101792
5 0.783152 0.417549 0.079348 0.101792
6 0.332677 0.720582 0.094158 0.100366
5 0.414266 0.715187 0.079348 0.101792
5 0.493750 0.711930 0.079348 0.101792
5 0.571060 0.716612 0.079348 0.101792
5 0.654620 0.727402 0.079348 0.101792
5 0.731929 0.738396 0.079348 0.101792
1 0.531318 0.676812 0.493342 0.241246
0 0.546467 0.463864 0.563315 0.281963
