5 0.593478 0.355049 0.109783 0.101792
5 0.293614 0.306393 0.109783 0.101792
4 0.377649 0.330721 0.079484 0.119096
5 0.480095 0.327565 0.104484 0.153502
5 0.691712 0.332248 0.078261 0.112785
5 0.781658 0.343241 0.078261 0.112785
5 0.332201 0.700326 0.078261 0.112785
5 0.417935 0.664292 0.078261 0.112785
6 0.568478 0.667345 0.078261 0.112785
6 0.490217 0.664292 0.078261 0.112785
5 0.636549 0.694015 0.078261 0.112785
5 0.711821 0.711319 0.078261 0.112785
1 0.523913 0.632940 0.461957 0.300489
0 0.531793 0.408184 0.586413 0.317997
