5 0.287704 0.461421 0.071060 0.108103
6 0.362432 0.470073 0.078397 0.103420
6 0.463859 0.466918 0.118207 0.115839
6 0.581454 0.471600 0.116984 0.115839
5 0.676019 0.486462 0.072147 0.095480
5 0.749185 0.470888 0.072011 0.123779
6 0.347962 0.758856 0.067935 0.117467
6 0.424185 0.762928 0.082609 0.115839
5 0.505639 0.766897 0.078397 0.120521
5 0.580910 0.763742 0.069973 0.114210
5 0.658288 0.758958 0.080435 0.114414
5 0.730910 0.757431 0.068886 0.120725
0 0.519429 0.519442 0.538315 0.236360
1 0.541168 0.706739 0.454620 0.234731
