6 0.513451 0.387826 0.121196 0.117264
6 0.210938 0.346397 0.088723 0.119096
6 0.297622 0.368180 0.088723 0.119096
6 0.397894 0.366551 0.088723 0.119096
6 0.695720 0.415004 0.088723 0.119096
5 0.608084 0.420704 0.065897 0.108103
5 0.283560 0.696356 0.083696 0.117467
5 0.360870 0.669686 0.083696 0.117467
6 0.436617 0.686991 0.065897 0.108103
6 0.504552 0.701242 0.065897 0.108103
5 0.573573 0.733917 0.065897 0.101792
5 0.646196 0.732186 0.083696 0.117467
1 0.466508 0.661136 0.443071 0.278705
0 0.453397 0.438009 0.575815 0.302321
