6 0.245924 0.363599 0.094022 0.118893
6 0.318071 0.394748 0.094022 0.118893
5 0.416848 0.359629 0.116033 0.145562
6 0.538587 0.385485 0.127446 0.134568
5 0.642595 0.397191 0.084647 0.120521
5 0.721467 0.423046 0.075272 0.103420
5 0.270516 0.711217 0.072011 0.115839
6 0.338995 0.711930 0.077174 0.114414
6 0.424592 0.732288 0.077174 0.114414
6 0.498777 0.733713 0.077174 0.114414
6 0.579212 0.754072 0.077174 0.114414
5 0.663043 0.759772 0.075272 0.103420
1 0.468071 0.664292 0.469293 0.316368
0 0.478533 0.439536 0.563315 0.314739
