5 0.177514 0.325224 0.097147 0.095480
5 0.262160 0.347109 0.090897 0.098534
5 0.355095 0.312704 0.090897 0.098534
5 0.455367 0.325326 0.090897 0.098534
4 0.542799 0.376120 0.079348 0.106474
4 0.626495 0.362072 0.079348 0.106474
5 0.215082 0.672944 0.061685 0.104845
5 0.299728 0.668261 0.061685 0.104845
5 0.376087 0.671519 0.061685 0.104845
5 0.444022 0.685566 0.061685 0.104845
5 0.513995 0.705924 0.061685 0.104845
5 0.595516 0.718546 0.061685 0.104845
1 0.412160 0.627443 0.451495 0.292752
0 0.399049 0.406657 0.532065 0.286441
