5 0.469633 0.330721 0.119158 0.134568
5 0.354687 0.318099 0.119158 0.134568
5 0.589878 0.335403 0.119158 0.134568
5 0.690693 0.357288 0.076223 0.090798
5 0.634171 0.701954 0.076223 0.090798
5 0.278872 0.286849 0.076223 0.090798
5 0.333764 0.653298 0.098234 0.103420
5 0.412704 0.662866 0.076223 0.090798
5 0.490014 0.686075 0.076223 0.090798
5 0.568274 0.692590 0.076223 0.090798
5 0.768139 0.368078 0.076223 0.090798
5 0.714606 0.714577 0.076223 0.090798
1 0.518207 0.626629 0.473370 0.294381
0 0.523981 0.391796 0.566440 0.306800
