5 0.556386 0.399634 0.117120 0.100163
5 0.443478 0.372964 0.117120 0.100163
5 0.341576 0.384670 0.091033 0.104845
5 0.258967 0.329906 0.091033 0.104845
5 0.661277 0.394035 0.091033 0.104845
5 0.750136 0.370623 0.091033 0.104845
5 0.274185 0.767610 0.087772 0.112581
5 0.366168 0.769239 0.087772 0.112581
5 0.463451 0.750509 0.087772 0.112581
5 0.551223 0.753563 0.087772 0.112581
5 0.625408 0.803644 0.087772 0.112581
5 0.694361 0.782471 0.077310 0.136197
1 0.478465 0.717529 0.498505 0.278705
0 0.500476 0.436482 0.582201 0.314739
