5 0.284103 0.337032 0.082609 0.115839
6 0.369701 0.348025 0.082609 0.115839
5 0.482677 0.348636 0.134918 0.126832
5 0.590421 0.348636 0.134918 0.126832
5 0.689063 0.372252 0.077310 0.086116
5 0.774796 0.309548 0.077310 0.086116
6 0.312364 0.737785 0.095109 0.122150
6 0.384443 0.711217 0.053397 0.087744
6 0.438791 0.775448 0.101495 0.112785
6 0.531250 0.755090 0.089946 0.112785
6 0.597622 0.719157 0.053397 0.087744
6 0.675543 0.739414 0.089946 0.112785
1 0.497826 0.675998 0.459783 0.277077
0 0.529755 0.432410 0.571739 0.335098
