6 0.322215 0.367467 0.110734 0.133143
6 0.440285 0.340798 0.110734 0.133143
6 0.566780 0.353217 0.110734 0.133143
5 0.681793 0.421621 0.089946 0.122150
5 0.767527 0.423249 0.089946 0.122150
5 0.240761 0.374593 0.089946 0.122150
5 0.382337 0.741042 0.086685 0.109528
5 0.296603 0.717630 0.086685 0.109528
5 0.461685 0.722313 0.086685 0.109528
5 0.545380 0.709691 0.086685 0.109528
5 0.613315 0.745725 0.086685 0.109528
5 0.702174 0.739414 0.086685 0.109528
1 0.502038 0.679866 0.491304 0.259976
0 0.506726 0.436380 0.615625 0.321050
