6 0.154552 0.322883 0.105571 0.128257
6 0.245584 0.355660 0.105571 0.128257
6 0.354280 0.346295 0.105571 0.128257
6 0.477649 0.346295 0.105571 0.128257
6 0.577785 0.378461 0.084647 0.092427
6 0.662432 0.351792 0.084647 0.092427
5 0.190557 0.787256 0.121332 0.142508
6 0.606182 0.805171 0.105571 0.128257
5 0.190557 0.787256 0.121332 0.142508
6 0.287228 0.766083 0.067935 0.112785
6 0.353125 0.774023 0.067935 0.112785
6 0.434647 0.766287 0.067935 0.112785
6 0.511957 0.772598 0.067935 0.112785
1 0.397486 0.728420 0.533016 0.303746
0 0.401630 0.436380 0.604076 0.365024
