5 0.603940 0.390269 0.116033 0.144137
5 0.478533 0.366653 0.116033 0.144137
5 0.291916 0.353420 0.079484 0.120521
5 0.374524 0.375204 0.079484 0.120521
5 0.684851 0.406555 0.079484 0.120521
5 0.762160 0.375407 0.079484 0.120521
5 0.352514 0.701853 0.091984 0.112581
5 0.426698 0.700224 0.091984 0.112581
5 0.504008 0.708876 0.079484 0.120521
5 0.582405 0.713762 0.079484 0.120521
5 0.659715 0.741857 0.079484 0.120521
5 0.726698 0.729438 0.079484 0.120521
1 0.538111 0.660423 0.458832 0.274023
0 0.526019 0.449715 0.553940 0.307003
