4 0.587704 0.423860 0.112908 0.111156
4 0.471671 0.417752 0.112908 0.111156
5 0.368750 0.427015 0.092935 0.120725
5 0.277853 0.417651 0.092935 0.120725
5 0.694837 0.423860 0.097283 0.114414
5 0.782745 0.417549 0.097283 0.114414
5 0.331658 0.809039 0.089946 0.133143
6 0.422079 0.792752 0.086821 0.122150
5 0.741033 0.807614 0.097283 0.114414
6 0.497351 0.799064 0.086821 0.122150
5 0.571467 0.805985 0.097283 0.114414
6 0.651970 0.786340 0.072147 0.097109
1 0.540149 0.741042 0.504755 0.275651
0 0.530774 0.495114 0.607201 0.285016
