6 0.433084 0.358103 0.125408 0.139251
6 0.553329 0.350366 0.125408 0.139251
5 0.232948 0.342427 0.084647 0.107899
5 0.319769 0.351792 0.084647 0.107899
5 0.662568 0.383143 0.084647 0.107899
5 0.747215 0.381718 0.084647 0.107899
5 0.269497 0.655639 0.078397 0.108103
5 0.355231 0.647700 0.078397 0.108103
5 0.434579 0.643017 0.078397 0.108103
5 0.514062 0.660322 0.078397 0.108103
5 0.595584 0.680680 0.078397 0.108103
5 0.681318 0.685362 0.078397 0.108103
1 0.476427 0.621234 0.490082 0.252239
0 0.490014 0.423860 0.598777 0.274023
