6 0.281997 0.401160 0.080571 0.119096
6 0.367731 0.410525 0.080571 0.119096
5 0.471128 0.420806 0.111821 0.123779
5 0.588111 0.420806 0.111821 0.123779
5 0.688043 0.445033 0.077446 0.103420
5 0.768614 0.463966 0.077446 0.103420
5 0.318071 0.743282 0.077446 0.133143
6 0.397079 0.744198 0.080571 0.119096
6 0.461889 0.755191 0.080571 0.119096
5 0.541780 0.761401 0.077310 0.112785
5 0.612840 0.777077 0.077310 0.112785
5 0.690149 0.787866 0.077310 0.112785
1 0.503057 0.700326 0.451495 0.303746
0 0.525000 0.488905 0.564402 0.297435
