6 0.370312 0.487378 0.091984 0.112785
6 0.282541 0.443404 0.091984 0.112785
6 0.482133 0.462134 0.091984 0.112785
6 0.606454 0.470073 0.091984 0.112785
6 0.705774 0.512215 0.091984 0.112785
6 0.785122 0.477809 0.091984 0.112785
6 0.365625 0.903094 0.086685 0.105049
6 0.729348 0.909406 0.086685 0.105049
5 0.465421 0.881922 0.089810 0.112785
5 0.554280 0.873982 0.089810 0.112785
5 0.642188 0.873982 0.089810 0.112785
5 0.297351 0.853624 0.089810 0.112785
1 0.512976 0.806698 0.517255 0.319422
0 0.533899 0.555476 0.592527 0.343037
