6 0.252242 0.321356 0.077310 0.128461
6 0.321264 0.382431 0.077310 0.128461
6 0.414198 0.394849 0.119158 0.147191
6 0.541780 0.402586 0.119158 0.147191
6 0.631726 0.427830 0.077310 0.128461
5 0.708084 0.402789 0.077310 0.128461
5 0.291916 0.700326 0.079484 0.122150
5 0.366236 0.712744 0.079484 0.122150
5 0.440421 0.725366 0.079484 0.122150
5 0.513519 0.734731 0.079484 0.122150
5 0.570992 0.744300 0.079484 0.122150
5 0.646264 0.758550 0.079484 0.122150
1 0.469090 0.675998 0.431658 0.299064
0 0.480571 0.423046 0.538315 0.335098
