6 0.247554 0.408998 0.082609 0.125407
6 0.333288 0.398005 0.082609 0.125407
6 0.456522 0.399532 0.130707 0.128461
6 0.570516 0.383856 0.130707 0.128461
6 0.683424 0.421621 0.082609 0.125407
5 0.780027 0.435566 0.087772 0.115839
6 0.314946 0.831840 0.075272 0.134772
6 0.679755 0.861767 0.075272 0.134772
5 0.601359 0.816368 0.075272 0.134772
5 0.520924 0.796010 0.075272 0.134772
6 0.462364 0.783388 0.075272 0.134772
5 0.383967 0.802321 0.075272 0.134772
1 0.499389 0.766897 0.444158 0.324104
0 0.516644 0.494300 0.620788 0.314739
