6 0.280435 0.347109 0.083696 0.120521
6 0.369158 0.381515 0.083696 0.120521
6 0.475883 0.369910 0.121332 0.122150
6 0.588791 0.360546 0.121332 0.122150
5 0.703736 0.434039 0.089810 0.116042
5 0.771671 0.405945 0.089810 0.116042
6 0.337364 0.767610 0.088859 0.106474
6 0.579755 0.777178 0.088859 0.106474
6 0.430910 0.735444 0.085734 0.108103
6 0.504144 0.752748 0.085734 0.108103
6 0.669361 0.763742 0.085734 0.108103
5 0.266916 0.744300 0.089810 0.116042
0 0.529144 0.448901 0.581114 0.327362
1 0.468614 0.698697 0.489130 0.256922
