4 0.543818 0.414495 0.098234 0.095684
4 0.441372 0.406759 0.098234 0.095684
4 0.356250 0.408998 0.080435 0.103420
4 0.282541 0.404927 0.098234 0.095684
4 0.630095 0.427015 0.084647 0.108103
4 0.712704 0.422333 0.084647 0.108103
5 0.295720 0.749491 0.084647 0.108103
5 0.373981 0.773616 0.072147 0.104235
5 0.448098 0.799165 0.080435 0.103624
4 0.522894 0.810057 0.068886 0.100163
4 0.590829 0.800387 0.068886 0.100366
4 0.667867 0.783998 0.084647 0.108306
1 0.485802 0.735444 0.479755 0.308428
0 0.496739 0.476384 0.522554 0.288274
