5 0.311277 0.329906 0.084783 0.111360
6 0.389674 0.342529 0.084783 0.111360
5 0.505095 0.375305 0.125408 0.104845
5 0.622215 0.375305 0.125408 0.104845
5 0.732473 0.362683 0.084783 0.111360
5 0.805707 0.350061 0.084783 0.111360
5 0.371399 0.675183 0.071060 0.097109
5 0.440421 0.670501 0.071060 0.097109
5 0.519769 0.682919 0.071060 0.097109
5 0.591916 0.698595 0.071060 0.097109
5 0.668274 0.687602 0.071060 0.097109
5 0.745720 0.679866 0.071060 0.097109
1 0.564198 0.632125 0.456658 0.252036
0 0.560054 0.419178 0.584239 0.292752
