5 0.250679 0.364312 0.101359 0.126832
5 0.350000 0.326649 0.101359 0.126832
5 0.463995 0.312602 0.101359 0.126832
5 0.586277 0.345582 0.101359 0.126832
5 0.681386 0.365941 0.101359 0.126832
5 0.776495 0.406657 0.101359 0.126832
6 0.297147 0.694015 0.089946 0.118893
6 0.371467 0.700122 0.089946 0.118893
5 0.700272 0.754377 0.101359 0.126832
5 0.538247 0.704296 0.076495 0.104845
5 0.605095 0.745012 0.076495 0.104845
5 0.460802 0.707349 0.076495 0.104845
1 0.500476 0.669686 0.492255 0.308428
0 0.513043 0.398005 0.632337 0.325733
