4 0.262704 0.361971 0.085734 0.122150
4 0.341101 0.352606 0.085734 0.122150
4 0.672351 0.369910 0.085734 0.122150
4 0.754959 0.385586 0.085734 0.122150
4 0.453465 0.365941 0.118071 0.114210
4 0.569497 0.353522 0.118071 0.114210
4 0.271535 0.695643 0.078397 0.112785
4 0.657405 0.705008 0.078397 0.112785
4 0.577106 0.701954 0.078397 0.112785
4 0.500611 0.697068 0.078397 0.112785
4 0.351155 0.695643 0.078397 0.112785
4 0.426427 0.694015 0.078397 0.112785
1 0.461821 0.646274 0.475543 0.270969
0 0.509783 0.418567 0.579076 0.285016
