6 0.241236 0.192081 0.113995 0.126832
6 0.640421 0.279825 0.113995 0.126832
6 0.528668 0.313416 0.122283 0.125204
6 0.419973 0.313416 0.122283 0.125204
5 0.319633 0.271987 0.099321 0.155130
5 0.739266 0.275041 0.091848 0.120521
6 0.261617 0.736258 0.098234 0.147191
6 0.343682 0.697170 0.076223 0.109731
6 0.410530 0.709792 0.076223 0.109731
6 0.487840 0.723840 0.076223 0.109731
6 0.567187 0.740941 0.076223 0.109731
5 0.652038 0.763640 0.095109 0.142508
1 0.461753 0.670501 0.504755 0.341409
0 0.486345 0.324511 0.608288 0.397801
