4 0.283628 0.434141 0.089810 0.108103
4 0.366168 0.440452 0.069022 0.120725
4 0.464946 0.441979 0.126359 0.123779
4 0.594022 0.443607 0.123370 0.129886
4 0.690693 0.464780 0.065897 0.112785
4 0.761821 0.474145 0.074185 0.118893
4 0.325951 0.816266 0.070109 0.095480
4 0.395448 0.799165 0.071060 0.098738
4 0.471739 0.803033 0.081522 0.119096
4 0.548098 0.813925 0.075272 0.125407
4 0.623302 0.819422 0.068886 0.129886
4 0.692799 0.827972 0.076359 0.131515
0 0.518750 0.517203 0.562228 0.286441
1 0.510462 0.761502 0.441033 0.280334
