4 0.232880 0.358103 0.059511 0.133143
4 0.301359 0.385485 0.079348 0.115839
6 0.397011 0.377647 0.109783 0.144137
6 0.510326 0.383143 0.114946 0.148616
5 0.619090 0.405130 0.104484 0.123779
5 0.713655 0.408184 0.080571 0.120521
4 0.275204 0.710403 0.073234 0.148819
4 0.350476 0.714373 0.077310 0.134772
4 0.425679 0.723738 0.069022 0.118893
4 0.499389 0.719870 0.078397 0.133143
4 0.576223 0.740941 0.079348 0.119096
4 0.656182 0.757431 0.080571 0.130090
0 0.476834 0.443913 0.555027 0.296213
1 0.468954 0.682919 0.461005 0.291327
