5 0.281997 0.369809 0.072147 0.134568
5 0.357269 0.415208 0.072147 0.134568
5 0.679280 0.441673 0.072147 0.134568
5 0.457609 0.412866 0.126359 0.123779
5 0.575679 0.412866 0.126359 0.123779
5 0.756590 0.375916 0.072147 0.134568
6 0.284647 0.767610 0.081522 0.119096
6 0.689130 0.805273 0.081522 0.119096
5 0.598845 0.789190 0.072147 0.134568
5 0.362704 0.759467 0.072147 0.134568
6 0.446060 0.764658 0.080435 0.122150
6 0.519158 0.774023 0.080435 0.122150
1 0.489538 0.717529 0.489130 0.303950
0 0.521875 0.456739 0.560326 0.324308
