6 0.284103 0.367569 0.099185 0.117467
6 0.368750 0.362683 0.099185 0.117467
6 0.483764 0.344768 0.147418 0.141083
6 0.615421 0.344768 0.147418 0.141083
6 0.733424 0.375102 0.099185 0.117467
6 0.821196 0.383042 0.099185 0.117467
6 0.332201 0.722923 0.076359 0.123779
6 0.407473 0.694829 0.076359 0.123779
6 0.476495 0.697883 0.076359 0.123779
6 0.560054 0.700936 0.076359 0.123779
6 0.645788 0.711930 0.076359 0.123779
6 0.732609 0.754275 0.076359 0.123779
1 0.533356 0.682309 0.474592 0.292956
0 0.552717 0.412968 0.638587 0.299064
