6 0.277853 0.427728 0.082609 0.112785
6 0.357812 0.445033 0.073234 0.122150
5 0.450815 0.454397 0.108696 0.134772
5 0.564742 0.460708 0.110734 0.159609
5 0.661889 0.491246 0.083560 0.129886
5 0.747622 0.490432 0.083560 0.140879
4 0.308696 0.723025 0.073098 0.114210
4 0.384918 0.719870 0.075272 0.107899
4 0.457609 0.728420 0.070109 0.134772
4 0.528125 0.737785 0.073098 0.122150
4 0.599185 0.758143 0.069022 0.122150
4 0.676019 0.774735 0.086821 0.136197
0 0.515082 0.503156 0.551902 0.281963
1 0.497283 0.708673 0.449457 0.286645
