6 0.261073 0.408998 0.078397 0.122150
6 0.348913 0.402789 0.097283 0.128461
5 0.461277 0.394137 0.127446 0.148616
5 0.587228 0.402687 0.122283 0.172231
5 0.691712 0.437907 0.082609 0.173860
5 0.769090 0.477097 0.072147 0.126832
6 0.303465 0.757533 0.071060 0.101792
6 0.370312 0.749695 0.064810 0.117467
6 0.440353 0.738599 0.073098 0.129886
6 0.512976 0.750407 0.065897 0.112785
6 0.582473 0.769951 0.073098 0.139251
6 0.654076 0.791836 0.072011 0.117467
0 0.510870 0.483713 0.586413 0.344870
1 0.477853 0.710301 0.426359 0.277280
