5 0.318071 0.426201 0.081522 0.106474
5 0.385054 0.449613 0.081522 0.106474
5 0.490014 0.438823 0.120245 0.137826
5 0.593546 0.413783 0.120245 0.137826
6 0.689606 0.449715 0.090897 0.109528
6 0.774253 0.354031 0.090897 0.109528
6 0.362568 0.781555 0.090897 0.109528
5 0.439810 0.805273 0.070109 0.097109
5 0.500543 0.791226 0.070109 0.097109
5 0.564266 0.795908 0.070109 0.097109
5 0.639538 0.803644 0.070109 0.097109
5 0.717935 0.827056 0.070109 0.097109
1 0.536005 0.749593 0.433696 0.274023
0 0.546399 0.458367 0.546603 0.317793
