5 0.252785 0.392508 0.072147 0.101792
5 0.330095 0.402789 0.082473 0.125204
5 0.436141 0.408998 0.123370 0.122150
5 0.554823 0.411340 0.111821 0.130090
5 0.657201 0.408998 0.092935 0.122150
5 0.740285 0.403502 0.064810 0.107899
5 0.294565 0.690859 0.065761 0.103217
5 0.368818 0.716714 0.078397 0.114210
5 0.446603 0.730761 0.075272 0.108103
5 0.521875 0.742569 0.069022 0.109731
5 0.594973 0.732390 0.081522 0.104845
5 0.674932 0.737072 0.078397 0.114210
0 0.495245 0.470480 0.555978 0.261808
1 0.488927 0.672638 0.452582 0.253664
