5 0.278329 0.333062 0.079484 0.123779
5 0.347351 0.401873 0.079484 0.123779
5 0.672486 0.439332 0.079484 0.123779
5 0.748845 0.422028 0.079484 0.123779
5 0.455503 0.379988 0.120245 0.148819
5 0.573573 0.401771 0.120245 0.148819
6 0.315421 0.761299 0.084647 0.137826
5 0.395584 0.750814 0.079484 0.123779
5 0.467595 0.769544 0.079484 0.123779
5 0.542867 0.802321 0.079484 0.123779
5 0.624389 0.802321 0.079484 0.123779
5 0.699660 0.844666 0.079484 0.123779
1 0.506726 0.735546 0.465082 0.364821
0 0.515625 0.456840 0.545652 0.377443
