6 0.284103 0.476283 0.076359 0.106474
6 0.367731 0.475570 0.086821 0.114414
6 0.472215 0.478624 0.120245 0.123779
6 0.590353 0.473229 0.109783 0.119096
6 0.682813 0.517814 0.077310 0.126832
6 0.760734 0.540513 0.074185 0.118893
6 0.315421 0.798962 0.069973 0.097109
6 0.391780 0.794178 0.076223 0.112785
6 0.465965 0.795806 0.069973 0.112785
6 0.538587 0.807512 0.073098 0.126832
6 0.613859 0.819320 0.075272 0.119096
6 0.685937 0.821661 0.071060 0.123779
0 0.519293 0.544381 0.550815 0.277280
1 0.503125 0.762215 0.443207 0.242671
