4 0.288859 0.320542 0.087772 0.104845
4 0.374592 0.309548 0.087772 0.104845
4 0.472690 0.355049 0.108696 0.101792
4 0.587636 0.351792 0.108696 0.101792
4 0.688179 0.354947 0.087772 0.104845
4 0.783288 0.368791 0.087772 0.104845
4 0.324457 0.747862 0.087772 0.104845
4 0.410190 0.774634 0.087772 0.105049
4 0.490761 0.790106 0.087772 0.105049
4 0.559783 0.807410 0.087772 0.105049
4 0.639266 0.798046 0.087772 0.105049
4 0.720788 0.787154 0.087772 0.104845
1 0.518274 0.705721 0.498505 0.308428
0 0.536073 0.419279 0.600951 0.343037
