6 0.260054 0.358103 0.080435 0.133143
6 0.340557 0.385586 0.078397 0.131515
4 0.446603 0.387113 0.129620 0.150448
4 0.574660 0.397292 0.132745 0.170806
4 0.682337 0.421519 0.080435 0.115839
4 0.759647 0.412866 0.076359 0.133143
4 0.308152 0.593750 0.074185 0.128461
4 0.381861 0.590696 0.071060 0.125204
6 0.458084 0.613396 0.079484 0.129886
6 0.538111 0.636808 0.078397 0.133143
6 0.614878 0.644748 0.073234 0.123779
4 0.691712 0.652484 0.080435 0.129886
0 0.508220 0.434955 0.575951 0.289699
1 0.503125 0.597618 0.461957 0.258347
