5 0.537296 0.307003 0.119973 0.111971
5 0.412840 0.296824 0.119973 0.111971
6 0.297690 0.318811 0.095109 0.101792
6 0.205571 0.325529 0.095109 0.101792
5 0.646467 0.310871 0.095109 0.106270
6 0.740761 0.333469 0.092120 0.122150
5 0.681861 0.740228 0.086005 0.111971
5 0.595041 0.754886 0.086005 0.111971
5 0.521128 0.758347 0.086005 0.111971
5 0.444769 0.762826 0.086005 0.111971
5 0.365421 0.749389 0.086005 0.111971
5 0.280910 0.734731 0.086005 0.111971
1 0.479959 0.649634 0.483832 0.335912
0 0.473845 0.394544 0.633288 0.325733
