4 0.199457 0.380802 0.067935 0.115839
4 0.275272 0.374593 0.081522 0.112785
5 0.378193 0.366755 0.124321 0.156555
4 0.505639 0.382431 0.126495 0.156555
4 0.613383 0.418363 0.084647 0.140879
4 0.692255 0.434853 0.073098 0.142508
5 0.211957 0.705721 0.061685 0.104845
6 0.289334 0.700326 0.086821 0.100163
6 0.357269 0.682207 0.055299 0.101792
6 0.423641 0.687704 0.079348 0.109528
6 0.505163 0.678339 0.079348 0.118893
5 0.585598 0.693302 0.081522 0.126832
0 0.447690 0.457248 0.562228 0.336726
1 0.405910 0.635383 0.445245 0.252036
