4 0.255842 0.365126 0.082609 0.109731
4 0.342120 0.341612 0.085598 0.122150
5 0.445584 0.322883 0.121332 0.156759
5 0.570992 0.319727 0.125408 0.159813
5 0.679212 0.340086 0.088859 0.143933
5 0.761209 0.344055 0.077310 0.129886
5 0.304008 0.732390 0.084647 0.139454
5 0.389130 0.727606 0.087772 0.142508
5 0.474864 0.727606 0.079348 0.111156
5 0.553193 0.725366 0.079484 0.122150
5 0.637840 0.720684 0.091984 0.131515
5 0.723573 0.726079 0.083560 0.145562
0 0.508832 0.382431 0.587500 0.303950
1 0.519226 0.668160 0.506929 0.277280
