4 0.575408 0.364108 0.111685 0.104031
4 0.464538 0.351486 0.111685 0.104031
4 0.358016 0.362683 0.111685 0.104031
6 0.262908 0.353929 0.086141 0.097109
5 0.682201 0.365228 0.091304 0.122150
5 0.759918 0.370725 0.091304 0.122150
5 0.388179 0.690452 0.081522 0.098331
5 0.303668 0.719768 0.081522 0.098331
5 0.686753 0.729947 0.086821 0.141490
5 0.532405 0.693811 0.069429 0.105049
5 0.603329 0.707451 0.069429 0.105049
5 0.459035 0.687093 0.069429 0.105049
1 0.496603 0.666124 0.468750 0.289495
0 0.513859 0.421722 0.591033 0.251018
