6 0.280435 0.416836 0.087772 0.106474
6 0.370856 0.421519 0.093071 0.125204
6 0.477989 0.445745 0.123370 0.145562
6 0.600272 0.445033 0.123370 0.140879
6 0.703193 0.449715 0.082473 0.103420
6 0.787364 0.418363 0.087772 0.125407
5 0.308628 0.719768 0.077310 0.126832
5 0.389606 0.727606 0.084647 0.133143
5 0.470177 0.758245 0.078397 0.128461
5 0.550136 0.761299 0.081522 0.128461
5 0.632133 0.753563 0.084647 0.125204
5 0.724117 0.761299 0.101495 0.115839
0 0.532880 0.491246 0.596739 0.286645
1 0.520856 0.689332 0.508016 0.266287
