4 0.228193 0.405843 0.068886 0.115839
5 0.306046 0.405843 0.088723 0.115839
5 0.408424 0.388640 0.116033 0.140879
5 0.529212 0.404316 0.123370 0.159609
4 0.624796 0.445033 0.063723 0.118893
4 0.694837 0.445033 0.074185 0.153502
4 0.279959 0.720684 0.072147 0.131515
4 0.358832 0.712032 0.085598 0.145562
4 0.441916 0.708876 0.076223 0.139251
5 0.518750 0.714373 0.077446 0.116042
5 0.599728 0.727606 0.080435 0.133143
4 0.681250 0.755904 0.074185 0.145765
0 0.464402 0.461421 0.539402 0.289699
1 0.482133 0.689332 0.478668 0.291124
