6 0.284647 0.332960 0.079348 0.126832
6 0.365082 0.339271 0.083696 0.139454
6 0.464402 0.335403 0.114946 0.131718
6 0.577310 0.337744 0.108696 0.142508
6 0.674457 0.347923 0.083696 0.125407
6 0.751834 0.363599 0.071060 0.109528
6 0.332133 0.617264 0.072147 0.109528
6 0.405910 0.632940 0.077310 0.112785
6 0.475340 0.623575 0.059647 0.103420
6 0.537568 0.629886 0.064810 0.112785
6 0.605503 0.648616 0.068886 0.112785
6 0.683356 0.648616 0.084647 0.128257
0 0.513587 0.387317 0.543478 0.250611
1 0.508764 0.595277 0.431658 0.238192
