6 0.240693 0.298656 0.104484 0.173860
5 0.316984 0.398819 0.066848 0.117264
5 0.408492 0.412866 0.120245 0.155130
5 0.531250 0.418363 0.121196 0.166124
5 0.637364 0.438823 0.086685 0.106474
5 0.716780 0.419178 0.069973 0.129886
6 0.287228 0.706535 0.080435 0.128461
6 0.368274 0.754275 0.077310 0.151873
6 0.443478 0.785627 0.069022 0.123779
6 0.520312 0.795094 0.080571 0.117467
6 0.602853 0.777789 0.082609 0.108103
5 0.681250 0.760586 0.074185 0.111156
0 0.472283 0.417549 0.558152 0.407166
1 0.480163 0.692284 0.474457 0.310057
