4 0.333764 0.231270 0.073234 0.133143
5 0.407473 0.268017 0.074185 0.134568
5 0.501495 0.279112 0.109783 0.122150
5 0.614946 0.286034 0.114946 0.129886
5 0.715761 0.297842 0.082609 0.118893
4 0.788859 0.288375 0.061685 0.134568
5 0.359918 0.592223 0.069022 0.128257
5 0.427310 0.596906 0.067935 0.144137
5 0.499389 0.613396 0.069973 0.139251
5 0.568954 0.625916 0.064810 0.108103
5 0.630095 0.644646 0.063723 0.117467
4 0.701087 0.671315 0.074185 0.136197
0 0.557405 0.316572 0.524592 0.316368
1 0.532337 0.585200 0.416033 0.324308
