5 0.612500 0.375916 0.122283 0.109731
5 0.483424 0.367569 0.114674 0.119910
5 0.369090 0.378257 0.113995 0.111971
4 0.721128 0.405436 0.093614 0.100774
4 0.268682 0.391796 0.086821 0.084894
4 0.804552 0.418872 0.083832 0.109731
5 0.715557 0.763844 0.068614 0.105049
5 0.482133 0.736767 0.068614 0.105049
6 0.398913 0.725468 0.081522 0.109731
6 0.574389 0.748575 0.086821 0.117671
4 0.649864 0.759568 0.061141 0.107492
6 0.316168 0.725468 0.082337 0.123168
1 0.512432 0.680782 0.473234 0.269137
0 0.536617 0.440961 0.624321 0.264658
