5 0.620380 0.406555 0.109511 0.107492
6 0.495924 0.379275 0.109511 0.107492
5 0.384511 0.387826 0.089130 0.101792
5 0.300000 0.383347 0.089130 0.101792
5 0.723505 0.437704 0.089130 0.101792
5 0.817120 0.430782 0.089130 0.101792
5 0.740897 0.819829 0.089130 0.101792
5 0.650679 0.813721 0.062772 0.111971
5 0.582880 0.797638 0.062772 0.111971
4 0.511685 0.798453 0.080707 0.110749
5 0.433424 0.761401 0.062772 0.111971
5 0.354484 0.763233 0.089130 0.101792
1 0.549796 0.712948 0.471060 0.331433
0 0.558152 0.472618 0.605435 0.303135
