4 0.618410 0.371437 0.131386 0.114210
4 0.484851 0.356576 0.131386 0.114210
4 0.383696 0.359019 0.069565 0.118689
5 0.708288 0.410423 0.067935 0.081433
5 0.310122 0.297944 0.083832 0.121132
4 0.784918 0.355049 0.095924 0.108713
4 0.466372 0.680680 0.079212 0.099552
4 0.545584 0.693099 0.079212 0.099552
4 0.624796 0.704499 0.079212 0.099552
5 0.698845 0.727097 0.079212 0.099552
5 0.320720 0.674980 0.079212 0.099552
4 0.394633 0.680680 0.079212 0.099552
1 0.510122 0.635586 0.459647 0.296417
0 0.543342 0.407675 0.556250 0.342630
