5 0.593886 0.411645 0.104891 0.117671
5 0.467799 0.390065 0.104891 0.117671
5 0.372690 0.384365 0.104891 0.117671
6 0.290082 0.342630 0.070924 0.117671
4 0.676155 0.438721 0.065625 0.092834
4 0.742595 0.411645 0.065625 0.092834
5 0.630503 0.789902 0.072418 0.087134
5 0.554959 0.787663 0.072418 0.087134
5 0.482541 0.794585 0.072418 0.087134
5 0.339878 0.752850 0.072418 0.087134
6 0.418071 0.776873 0.061141 0.097313
5 0.710938 0.814943 0.082201 0.132329
1 0.524117 0.719768 0.454484 0.329194
0 0.512364 0.452362 0.520109 0.350570
