5 0.577785 0.399735 0.123777 0.116653
4 0.455503 0.380599 0.123777 0.116653
4 0.675136 0.409304 0.073913 0.095073
4 0.745245 0.385485 0.073913 0.095073
4 0.368478 0.371844 0.073913 0.095073
4 0.287636 0.361665 0.073913 0.095073
0 0.517391 0.446661 0.537500 0.276059
4 0.579280 0.809752 0.074049 0.108510
4 0.514334 0.794890 0.074049 0.108510
5 0.661481 0.802830 0.074049 0.108510
5 0.755095 0.798351 0.074049 0.108510
5 0.428329 0.805069 0.074049 0.108510
5 0.352785 0.797129 0.074049 0.108510
1 0.554688 0.732797 0.477853 0.291735
