5 0.539266 0.421213 0.122283 0.109528
5 0.413995 0.418770 0.122283 0.109528
6 0.308628 0.421213 0.080842 0.109528
6 0.647622 0.448290 0.080842 0.109528
5 0.728329 0.466511 0.068614 0.093852
5 0.230910 0.406454 0.068614 0.093852
6 0.438859 0.752545 0.072554 0.105252
6 0.505978 0.758245 0.072554 0.105252
6 0.581522 0.771885 0.072554 0.105252
5 0.666033 0.775346 0.072554 0.105252
6 0.364810 0.753766 0.072554 0.105252
5 0.287092 0.750509 0.072554 0.105252
1 0.477038 0.691572 0.455163 0.295195
0 0.480367 0.503156 0.569158 0.291735
