4 0.595856 0.325020 0.119158 0.109731
4 0.473573 0.315859 0.119158 0.109731
4 0.370924 0.306596 0.084511 0.085912
4 0.283356 0.300896 0.087636 0.094870
5 0.697758 0.333571 0.084647 0.104031
4 0.772079 0.364108 0.065625 0.099552
5 0.575815 0.754886 0.085326 0.123371
5 0.496603 0.754886 0.085326 0.123371
5 0.656250 0.754886 0.072554 0.123371
5 0.734715 0.756006 0.080027 0.137011
4 0.406386 0.748677 0.089130 0.133347
5 0.319701 0.731067 0.072554 0.123371
0 0.524524 0.407675 0.571332 0.308836
1 0.526766 0.687500 0.495924 0.285016
