4 0.607880 0.396274 0.120652 0.118689
4 0.488723 0.393017 0.120652 0.118689
4 0.380707 0.381616 0.092120 0.098331
4 0.282609 0.359019 0.092120 0.098331
4 0.716576 0.389556 0.092120 0.098331
4 0.808696 0.407675 0.092120 0.098331
5 0.636957 0.740228 0.080707 0.107492
5 0.729076 0.768322 0.080707 0.107492
5 0.312364 0.738803 0.080707 0.107492
4 0.480707 0.738396 0.077717 0.106270
4 0.561549 0.748575 0.077717 0.106270
4 0.394701 0.741857 0.077717 0.106270
1 0.521467 0.690961 0.498913 0.289495
0 0.545584 0.456230 0.622690 0.324511
