4 0.563383 0.360138 0.131386 0.116450
4 0.426834 0.345480 0.131386 0.116450
4 0.664538 0.437093 0.105707 0.107492
4 0.756658 0.402586 0.078533 0.119910
5 0.240353 0.358408 0.078533 0.099552
5 0.322554 0.344768 0.078533 0.099552
4 0.459579 0.723229 0.076223 0.100774
5 0.377242 0.727708 0.076223 0.100774
5 0.534851 0.746844 0.076223 0.100774
5 0.608764 0.754784 0.076223 0.100774
5 0.703057 0.815859 0.076223 0.100774
4 0.293546 0.756515 0.091440 0.117671
1 0.498505 0.701140 0.496739 0.341612
0 0.500815 0.451751 0.597826 0.328990
