5 0.558152 0.358408 0.108696 0.095073
5 0.442663 0.351486 0.108696 0.095073
5 0.335054 0.359528 0.088315 0.101792
5 0.246332 0.364719 0.078533 0.098331
5 0.667527 0.404214 0.078533 0.098331
5 0.742935 0.438009 0.078533 0.098331
5 0.673505 0.777178 0.078533 0.098331
6 0.593274 0.773514 0.089810 0.110953
6 0.520652 0.774430 0.068750 0.113192
6 0.457609 0.760892 0.064946 0.108917
6 0.311277 0.720379 0.070924 0.104031
5 0.385258 0.759976 0.074049 0.117671
1 0.494769 0.696050 0.436277 0.297638
0 0.494701 0.428033 0.579620 0.272598
