4 0.624185 0.398005 0.120109 0.101792
4 0.512500 0.383856 0.115489 0.121132
4 0.410190 0.377138 0.095109 0.134568
5 0.723777 0.413274 0.074728 0.098534
5 0.803804 0.380497 0.074728 0.098534
5 0.318342 0.332858 0.074728 0.098534
6 0.578533 0.865228 0.067935 0.081433
6 0.507609 0.860749 0.067935 0.081433
6 0.434511 0.861767 0.067935 0.081433
5 0.350679 0.856270 0.067935 0.081433
6 0.648777 0.867467 0.067935 0.081433
5 0.719837 0.869707 0.067935 0.081433
1 0.530571 0.784304 0.435598 0.263640
0 0.563383 0.457960 0.563179 0.357288
