5 0.755842 0.317081 0.108696 0.114210
5 0.277989 0.300183 0.108696 0.114210
6 0.366780 0.374898 0.097418 0.118689
6 0.666372 0.387317 0.097418 0.118689
5 0.584171 0.376527 0.121603 0.112989
5 0.477785 0.371030 0.121603 0.112989
5 0.743818 0.837439 0.099592 0.121132
5 0.568274 0.807309 0.083832 0.088151
5 0.653601 0.819931 0.083832 0.088151
5 0.485122 0.781454 0.083832 0.088151
5 0.412704 0.780436 0.083832 0.088151
5 0.316508 0.783286 0.099592 0.121132
1 0.533220 0.729947 0.514810 0.345073
0 0.518071 0.413274 0.584239 0.349349
