6 0.282948 0.407064 0.068614 0.097109
6 0.351223 0.396274 0.073913 0.093852
5 0.445992 0.398616 0.119973 0.123371
5 0.567867 0.418974 0.116168 0.127850
6 0.673573 0.442793 0.087636 0.132329
6 0.743342 0.449410 0.055163 0.093852
5 0.315014 0.679560 0.069429 0.081433
6 0.386345 0.683021 0.073234 0.085912
6 0.468207 0.712948 0.087500 0.148208
6 0.551698 0.731678 0.086821 0.144951
6 0.629076 0.723738 0.067935 0.126629
5 0.695448 0.732186 0.058832 0.098331
0 0.510122 0.466409 0.530571 0.265879
1 0.504076 0.667752 0.446196 0.281759
