5 0.585326 0.353929 0.105707 0.110953
5 0.472011 0.327871 0.105707 0.110953
5 0.365625 0.329092 0.105707 0.110953
4 0.281861 0.299674 0.066440 0.076954
5 0.685734 0.377748 0.105707 0.110953
4 0.774117 0.385586 0.066440 0.076954
5 0.546943 0.793770 0.066440 0.076954
5 0.474524 0.793770 0.066440 0.076954
5 0.618682 0.796010 0.066440 0.076954
5 0.699524 0.796010 0.066440 0.076954
5 0.398845 0.784304 0.078397 0.105252
5 0.311345 0.798962 0.078397 0.105252
1 0.504484 0.723229 0.458967 0.243282
0 0.523370 0.409914 0.560054 0.310871
