4 0.574728 0.384467 0.104076 0.112989
4 0.457745 0.364108 0.104076 0.112989
4 0.359579 0.409304 0.066440 0.095073
4 0.274321 0.337032 0.104076 0.112989
4 0.660802 0.438823 0.066440 0.095073
4 0.755978 0.393424 0.104076 0.112989
4 0.692459 0.726079 0.066440 0.095073
5 0.621535 0.715289 0.072418 0.084894
5 0.549117 0.720989 0.072418 0.084894
5 0.464606 0.702871 0.072418 0.084894
5 0.385394 0.686991 0.072418 0.084894
5 0.283492 0.685973 0.072418 0.084894
1 0.487160 0.644035 0.480027 0.277077
0 0.514742 0.427423 0.586549 0.307614
