5 0.284443 0.304153 0.080842 0.131107
5 0.376563 0.310871 0.100408 0.146987
5 0.494701 0.322272 0.135870 0.153909
5 0.631318 0.339169 0.137364 0.146987
4 0.752038 0.352809 0.101087 0.138029
4 0.843750 0.372557 0.080707 0.111971
4 0.319905 0.629886 0.097418 0.138029
6 0.414674 0.639556 0.087500 0.150448
5 0.499932 0.675692 0.080027 0.143730
6 0.579552 0.680782 0.080842 0.149430
6 0.499660 0.675285 0.080027 0.143730
5 0.667527 0.675692 0.090489 0.145765
4 0.756250 0.683021 0.088315 0.146987
0 0.564470 0.392305 0.642255 0.305375
1 0.529416 0.607797 0.525408 0.304357
