5 0.646807 0.323595 0.133560 0.099552
5 0.516236 0.320134 0.133560 0.099552
6 0.754076 0.353929 0.083696 0.074715
5 0.327174 0.344361 0.075543 0.084894
6 0.406929 0.326853 0.083696 0.074715
6 0.840897 0.378766 0.083696 0.074715
5 0.685666 0.702260 0.072418 0.104031
5 0.609443 0.704499 0.072418 0.104031
5 0.537704 0.698799 0.072418 0.104031
5 0.467459 0.684141 0.072418 0.104031
6 0.372758 0.710708 0.094429 0.123371
5 0.773981 0.748677 0.072418 0.104031
1 0.566101 0.656454 0.483832 0.297435
0 0.586753 0.403094 0.596332 0.299674
