5 0.581929 0.386095 0.107880 0.114210
5 0.468750 0.372455 0.107880 0.114210
6 0.687228 0.412663 0.095109 0.122150
6 0.367935 0.360546 0.095109 0.122150
5 0.777038 0.404723 0.078533 0.122150
5 0.279620 0.335708 0.078533 0.122150
6 0.499253 0.742976 0.061821 0.086116
6 0.568682 0.765574 0.061821 0.086116
6 0.432812 0.746234 0.061821 0.086116
6 0.345313 0.730558 0.061821 0.086116
5 0.630571 0.750305 0.063315 0.077972
6 0.712160 0.787154 0.061821 0.086116
1 0.532405 0.692691 0.436277 0.277077
0 0.531658 0.446050 0.584239 0.335912
