5 0.264062 0.367569 0.067255 0.083673
5 0.337704 0.357288 0.080027 0.081433
6 0.435258 0.352300 0.122962 0.134568
5 0.563247 0.375407 0.134375 0.133550
6 0.653193 0.439841 0.049864 0.092630
5 0.716916 0.412154 0.083832 0.109731
5 0.280639 0.702871 0.080842 0.100774
6 0.360258 0.699410 0.083016 0.125611
5 0.434647 0.694320 0.068750 0.115432
5 0.505978 0.709080 0.073913 0.129072
6 0.581454 0.710200 0.078397 0.133347
6 0.660734 0.744096 0.076902 0.133550
0 0.494633 0.421824 0.528397 0.269137
1 0.467120 0.672333 0.465761 0.283998
