4 0.542663 0.442691 0.118478 0.123168
4 0.425000 0.438009 0.118478 0.123168
4 0.318478 0.431901 0.083696 0.108510
4 0.644565 0.447577 0.083696 0.108510
4 0.728397 0.434955 0.083696 0.108510
5 0.231658 0.399939 0.083696 0.108510
5 0.359579 0.746946 0.075408 0.107492
5 0.434307 0.767305 0.075408 0.107492
4 0.506861 0.764862 0.075408 0.107492
5 0.580774 0.769340 0.075408 0.107492
4 0.658492 0.779723 0.075408 0.107492
4 0.717323 0.746743 0.075408 0.107492
1 0.544905 0.710708 0.438451 0.279316
0 0.477378 0.485647 0.585734 0.268119
