5 0.611821 0.366348 0.124728 0.102809
6 0.483832 0.359222 0.124728 0.102809
5 0.373166 0.341307 0.085462 0.102809
5 0.286073 0.340289 0.085462 0.102809
5 0.710530 0.391796 0.085462 0.102809
5 0.801562 0.391796 0.085462 0.102809
4 0.345652 0.663274 0.084783 0.119707
5 0.425951 0.692691 0.071196 0.099552
5 0.497826 0.707146 0.071196 0.099552
5 0.580978 0.711828 0.071196 0.099552
5 0.649728 0.717936 0.071196 0.099552
5 0.746467 0.727504 0.071196 0.099552
1 0.543071 0.655537 0.489130 0.283795
0 0.546671 0.423758 0.606658 0.273005
