6 0.549864 0.381311 0.120652 0.116042
6 0.431658 0.375204 0.120652 0.116042
6 0.328465 0.372862 0.077582 0.113803
6 0.247758 0.372862 0.077582 0.113803
6 0.652921 0.399328 0.077582 0.113803
5 0.749660 0.397496 0.085462 0.102809
5 0.524728 0.789088 0.081522 0.091205
5 0.676155 0.768831 0.085462 0.102809
5 0.603125 0.768730 0.081522 0.091205
5 0.446467 0.765269 0.081522 0.091205
5 0.373641 0.741450 0.081522 0.091205
5 0.291304 0.760790 0.081522 0.091205
1 0.487908 0.707044 0.465217 0.276466
0 0.502717 0.460403 0.585870 0.298249
