5 0.574660 0.357390 0.127038 0.128054
5 0.450883 0.364719 0.127038 0.128054
6 0.356861 0.355558 0.071875 0.105252
6 0.290557 0.354336 0.071875 0.105252
6 0.670177 0.374695 0.071875 0.105252
5 0.748573 0.383042 0.071875 0.105252
6 0.535937 0.774532 0.071875 0.105252
6 0.621535 0.793669 0.071875 0.105252
6 0.457677 0.803237 0.071875 0.105252
6 0.386617 0.800998 0.071875 0.105252
6 0.706318 0.769849 0.071875 0.105252
6 0.313927 0.781861 0.071875 0.105252
1 0.512704 0.711828 0.469973 0.298249
0 0.523438 0.444218 0.537908 0.289902
