6 0.479144 0.379072 0.122962 0.118485
5 0.594226 0.383754 0.122962 0.118485
6 0.383220 0.393322 0.073505 0.087541
5 0.304959 0.376629 0.073505 0.087541
5 0.714198 0.405334 0.073505 0.087541
5 0.801291 0.393322 0.073505 0.087541
5 0.739878 0.775448 0.073505 0.087541
5 0.653736 0.763945 0.077582 0.095888
5 0.569905 0.772292 0.077582 0.095888
5 0.493139 0.772292 0.077582 0.095888
5 0.406861 0.780639 0.077582 0.095888
5 0.328601 0.771071 0.077582 0.095888
1 0.532677 0.683632 0.484375 0.282573
0 0.552649 0.457960 0.561005 0.283998
