6 0.277989 0.403196 0.081522 0.114210
6 0.357677 0.417243 0.083832 0.117467
6 0.458832 0.424572 0.118478 0.145969
5 0.577649 0.418872 0.120788 0.130090
5 0.684103 0.425692 0.092120 0.111971
6 0.772486 0.410525 0.080027 0.144748
6 0.339946 0.803441 0.092120 0.150448
6 0.419565 0.808021 0.067120 0.114414
6 0.491644 0.793363 0.078397 0.127850
5 0.564063 0.806901 0.069429 0.107288
6 0.636209 0.804662 0.070245 0.134568
6 0.721875 0.818200 0.095109 0.116450
0 0.525204 0.488498 0.575951 0.307614
1 0.531997 0.745827 0.480842 0.277077
