6 0.305978 0.394035 0.075543 0.118689
6 0.392391 0.394646 0.092935 0.088151
6 0.499592 0.396376 0.121467 0.120928
5 0.618818 0.394646 0.121603 0.137826
6 0.723709 0.450631 0.089810 0.130090
6 0.802989 0.473840 0.064130 0.104031
6 0.524457 0.732186 0.074728 0.118689
6 0.597283 0.739108 0.064946 0.114210
6 0.359579 0.717529 0.086005 0.109731
5 0.445992 0.718648 0.080842 0.132329
5 0.669361 0.745216 0.083832 0.124389
6 0.745245 0.795501 0.063315 0.109731
0 0.549796 0.478318 0.569158 0.321050
1 0.548234 0.697170 0.461957 0.310871
