5 0.569090 0.401059 0.114266 0.100570
4 0.451698 0.380700 0.114266 0.100570
5 0.351630 0.401669 0.082337 0.082655
4 0.262092 0.391490 0.080707 0.081433
5 0.451223 0.738192 0.076630 0.082655
4 0.674592 0.426099 0.080707 0.081433
4 0.756114 0.417752 0.080707 0.081433
5 0.525136 0.751934 0.066304 0.091002
5 0.601427 0.775753 0.075136 0.107695
5 0.676562 0.821152 0.075136 0.107695
5 0.376495 0.754377 0.066304 0.091002
5 0.306929 0.764149 0.066304 0.091002
1 0.493139 0.730354 0.441984 0.299471
0 0.505503 0.469870 0.580299 0.283795
