4 0.604552 0.357390 0.129484 0.108917
4 0.478193 0.356169 0.129484 0.108917
5 0.370856 0.347211 0.088723 0.105252
5 0.290965 0.347211 0.088723 0.105252
5 0.707405 0.399939 0.088723 0.105252
5 0.795312 0.395053 0.088723 0.105252
5 0.719497 0.769646 0.088723 0.105252
5 0.635054 0.738090 0.078533 0.099552
5 0.554348 0.718954 0.078533 0.099552
5 0.479212 0.700835 0.078533 0.099552
5 0.400000 0.694931 0.078533 0.099552
5 0.336141 0.701038 0.078533 0.099552
1 0.532269 0.679560 0.467527 0.300489
0 0.542663 0.427932 0.597011 0.264658
