6 0.501495 0.386095 0.130978 0.116246
6 0.393886 0.359731 0.085326 0.101792
6 0.308288 0.346702 0.085326 0.101792
4 0.621399 0.407064 0.103940 0.091002
4 0.713315 0.401160 0.073641 0.093445
5 0.793207 0.398717 0.073641 0.093445
5 0.431929 0.737683 0.073641 0.093445
5 0.505435 0.740126 0.073641 0.093445
5 0.580571 0.752138 0.073641 0.093445
5 0.652446 0.776160 0.073641 0.093445
5 0.730842 0.783286 0.073641 0.093445
5 0.339266 0.746234 0.073641 0.093445
1 0.535530 0.689638 0.467527 0.294585
0 0.550204 0.452565 0.564266 0.328176
