6 0.712092 0.414292 0.082337 0.127036
6 0.318071 0.317895 0.112772 0.173656
5 0.387228 0.427423 0.059239 0.105252
4 0.469158 0.401059 0.111141 0.155537
4 0.594701 0.407166 0.111141 0.155537
4 0.795245 0.401262 0.082337 0.127036
4 0.497826 0.771580 0.072826 0.092020
5 0.413995 0.771783 0.072826 0.092020
4 0.580978 0.789495 0.072826 0.092020
4 0.333967 0.757125 0.072826 0.092020
5 0.662500 0.799471 0.072826 0.092020
5 0.744022 0.799471 0.072826 0.092020
1 0.539470 0.701649 0.485190 0.308836
0 0.550272 0.429255 0.572283 0.398819
