4 0.551087 0.339984 0.110326 0.100570
4 0.440082 0.343445 0.110326 0.100570
5 0.322894 0.345989 0.083832 0.098331
5 0.660937 0.362887 0.083832 0.098331
5 0.740829 0.343750 0.083832 0.098331
5 0.241236 0.332960 0.083832 0.098331
6 0.497554 0.728624 0.092663 0.116042
6 0.573505 0.738192 0.092663 0.116042
5 0.669429 0.752443 0.092663 0.116042
6 0.410462 0.732085 0.092663 0.116042
6 0.313723 0.732085 0.092663 0.116042
5 0.747215 0.719055 0.061549 0.101792
1 0.525068 0.685464 0.510734 0.286238
0 0.491508 0.423860 0.592255 0.287459
