4 0.573845 0.444116 0.120788 0.112581
4 0.454688 0.450224 0.120788 0.112581
6 0.680571 0.473534 0.092663 0.087541
5 0.754008 0.391490 0.102310 0.103013
5 0.254552 0.438111 0.102310 0.103013
6 0.356114 0.443607 0.092663 0.087541
4 0.563859 0.802321 0.076630 0.083876
5 0.409986 0.778298 0.075951 0.105456
5 0.325204 0.761401 0.075951 0.105456
5 0.489063 0.802117 0.075951 0.105456
5 0.642595 0.817793 0.075951 0.105456
5 0.728193 0.805782 0.075951 0.105456
0 0.509511 0.474145 0.605707 0.301710
1 0.529891 0.735240 0.478804 0.289699
