6 0.468750 0.383754 0.127989 0.128257
5 0.587840 0.406454 0.091168 0.132940
6 0.310530 0.384976 0.076766 0.118485
6 0.378057 0.412459 0.061549 0.080212
5 0.681318 0.429051 0.091168 0.132940
5 0.771535 0.438620 0.091168 0.132940
5 0.674117 0.807614 0.100679 0.118485
5 0.286481 0.797944 0.091168 0.132940
5 0.447215 0.757940 0.073505 0.122150
5 0.523030 0.780537 0.073505 0.122150
5 0.590965 0.803339 0.073505 0.122150
5 0.375204 0.784202 0.073505 0.122150
1 0.483152 0.735240 0.490761 0.277891
0 0.545448 0.471702 0.554755 0.299267
