4 0.600611 0.375407 0.105571 0.120928
4 0.496671 0.370521 0.105571 0.120928
5 0.404008 0.353217 0.071875 0.103013
5 0.329688 0.347109 0.071875 0.103013
5 0.781318 0.387826 0.071875 0.103013
4 0.689334 0.374593 0.071875 0.103013
6 0.570652 0.763945 0.064674 0.091002
6 0.501087 0.765167 0.064674 0.091002
5 0.428057 0.725570 0.071875 0.103013
5 0.346535 0.732695 0.071875 0.103013
5 0.647894 0.742060 0.071875 0.103013
5 0.727785 0.797231 0.071875 0.103013
0 0.557880 0.442386 0.528261 0.302932
1 0.536685 0.690961 0.450815 0.306596
