4 0.587840 0.322068 0.132745 0.105456
4 0.457201 0.291531 0.109511 0.137622
4 0.350815 0.317284 0.083967 0.110138
4 0.262908 0.308734 0.083967 0.110138
4 0.775951 0.386502 0.083967 0.110138
5 0.697690 0.379377 0.083967 0.110138
5 0.689810 0.706331 0.083967 0.110138
5 0.319701 0.665615 0.083967 0.110138
5 0.397554 0.635892 0.067120 0.112581
6 0.467935 0.680273 0.067120 0.112581
6 0.537364 0.686177 0.067120 0.112581
6 0.609239 0.681291 0.067120 0.112581
0 0.515082 0.390371 0.612228 0.337744
1 0.506318 0.631006 0.452310 0.299471
