4 0.600951 0.383143 0.122283 0.103013
4 0.481793 0.380904 0.122283 0.103013
4 0.366712 0.380191 0.099728 0.096702
4 0.710326 0.390981 0.099728 0.096702
4 0.798370 0.411340 0.067935 0.089780
4 0.277989 0.388742 0.067935 0.089780
5 0.494701 0.757940 0.069565 0.103013
5 0.573098 0.759161 0.069565 0.103013
5 0.642663 0.768730 0.069565 0.103013
5 0.715489 0.787866 0.069565 0.103013
4 0.412228 0.783693 0.067935 0.089780
4 0.348234 0.770460 0.067935 0.089780
1 0.532269 0.704703 0.440353 0.276669
0 0.537908 0.469870 0.587500 0.283795
