4 0.572215 0.393322 0.112636 0.096906
6 0.449117 0.376629 0.112636 0.096906
6 0.361277 0.389658 0.066304 0.077769
5 0.668546 0.422638 0.076766 0.103013
5 0.745313 0.404723 0.076766 0.103013
5 0.282541 0.369910 0.076766 0.103013
5 0.578193 0.739923 0.062364 0.091002
5 0.518274 0.742162 0.062364 0.091002
5 0.314470 0.770867 0.062364 0.091002
6 0.376834 0.750509 0.062364 0.091002
6 0.450340 0.749287 0.062364 0.091002
5 0.664470 0.768628 0.062364 0.091002
1 0.490353 0.698086 0.410870 0.256107
0 0.512296 0.460912 0.539538 0.282573
