5 0.565014 0.361564 0.115897 0.138844
5 0.448302 0.350774 0.115897 0.138844
6 0.346875 0.347211 0.077446 0.115024
5 0.260598 0.331535 0.077446 0.115024
5 0.657065 0.400957 0.077446 0.115024
6 0.740897 0.400957 0.077446 0.115024
5 0.653736 0.718445 0.064810 0.086319
5 0.720856 0.739821 0.064810 0.086319
5 0.585802 0.722923 0.064810 0.086319
5 0.502649 0.716816 0.064810 0.086319
6 0.413111 0.703583 0.064810 0.086319
5 0.335666 0.684446 0.064810 0.086319
0 0.500272 0.417243 0.558696 0.290920
1 0.527106 0.653705 0.450679 0.265879
