4 0.549864 0.416633 0.119022 0.124389
4 0.429212 0.401160 0.119022 0.124389
6 0.314130 0.392712 0.095109 0.119707
6 0.214130 0.371132 0.095109 0.119707
5 0.661821 0.423860 0.095109 0.119707
5 0.750543 0.403502 0.095109 0.119707
5 0.561073 0.800387 0.079212 0.092223
5 0.637024 0.798046 0.072690 0.106678
5 0.720041 0.786034 0.072690 0.106678
5 0.481046 0.792142 0.072690 0.106678
6 0.395584 0.794585 0.072690 0.106678
5 0.311753 0.789699 0.072690 0.106678
1 0.513519 0.707044 0.486005 0.293567
0 0.484375 0.467529 0.636957 0.319829
