6 0.308560 0.475672 0.090489 0.124389
5 0.393818 0.485749 0.080027 0.133550
5 0.491576 0.510586 0.120109 0.126629
5 0.615761 0.521987 0.122283 0.142508
4 0.717663 0.544076 0.083152 0.134568
4 0.801834 0.554764 0.082201 0.124593
5 0.354620 0.731779 0.075543 0.130090
6 0.431997 0.738498 0.089810 0.139047
6 0.513111 0.765167 0.069429 0.108510
6 0.581386 0.769137 0.067120 0.103013
6 0.651630 0.780436 0.074728 0.134568
5 0.734647 0.808123 0.088315 0.135790
0 0.549321 0.567284 0.576630 0.307614
1 0.546264 0.735138 0.463451 0.290717
