4 0.271535 0.495419 0.075408 0.130090
5 0.356114 0.508449 0.090489 0.115432
5 0.465965 0.497659 0.127582 0.139047
5 0.601766 0.496539 0.142663 0.148208
5 0.719565 0.498270 0.088315 0.135790
5 0.802989 0.492060 0.075543 0.148208
6 0.366033 0.802015 0.070924 0.105252
6 0.438723 0.804153 0.074728 0.100570
6 0.522147 0.809243 0.089130 0.115228
6 0.604823 0.810362 0.077853 0.115432
6 0.692391 0.840900 0.097283 0.165106
5 0.770516 0.815452 0.064946 0.105252
0 0.536481 0.558225 0.609918 0.289495
1 0.567459 0.786645 0.469429 0.273616
