6 0.322486 0.446152 0.082201 0.119910
5 0.407065 0.465391 0.092935 0.122150
5 0.513111 0.469971 0.116168 0.135790
5 0.628261 0.477809 0.115489 0.138029
4 0.724796 0.507838 0.086821 0.118689
4 0.817323 0.515676 0.093614 0.152687
5 0.299457 0.702871 0.061957 0.115432
5 0.359511 0.712032 0.067120 0.119910
6 0.440693 0.713762 0.093614 0.132329
6 0.524049 0.739719 0.073098 0.109731
6 0.596128 0.757227 0.071060 0.108510
6 0.668546 0.744300 0.083016 0.132329
5 0.748981 0.788274 0.077853 0.141287
0 0.575000 0.538884 0.587228 0.314332
1 0.524457 0.708571 0.510326 0.310057
