6 0.239878 0.391287 0.090625 0.143730
6 0.330027 0.423555 0.091304 0.135790
5 0.445177 0.427015 0.152582 0.149226
5 0.599185 0.422435 0.155435 0.146987
5 0.715353 0.429255 0.081522 0.124389
5 0.801087 0.425794 0.092935 0.124389
6 0.281726 0.744809 0.086821 0.165106
6 0.377582 0.763436 0.107880 0.150244
6 0.473098 0.769137 0.079891 0.141287
6 0.558016 0.793465 0.094293 0.119910
6 0.648981 0.792243 0.093614 0.124389
6 0.741780 0.790615 0.090625 0.130090
0 0.527446 0.476690 0.661141 0.312093
1 0.512364 0.713660 0.549457 0.299878
