6 0.287364 0.429764 0.092120 0.136808
6 0.379484 0.451853 0.099728 0.133347
5 0.503329 0.451242 0.153940 0.161849
5 0.650883 0.462643 0.138179 0.159406
5 0.770448 0.460403 0.096603 0.150448
5 0.858832 0.456942 0.078533 0.150448
6 0.334918 0.780945 0.084511 0.153909
6 0.427038 0.814332 0.104076 0.143730
6 0.518003 0.818302 0.082201 0.128868
6 0.603668 0.833062 0.089130 0.126629
6 0.697283 0.837032 0.093478 0.130090
6 0.791644 0.836319 0.096603 0.142508
0 0.573505 0.519137 0.661141 0.317997
1 0.562160 0.749287 0.540353 0.310057
