4 0.579823 0.265778 0.100679 0.107695
4 0.456726 0.271682 0.100679 0.107695
5 0.346060 0.276466 0.102989 0.103013
5 0.263723 0.292142 0.102989 0.103013
5 0.685734 0.280130 0.102989 0.103013
5 0.764946 0.261502 0.085326 0.092223
5 0.563383 0.608815 0.072690 0.089780
5 0.478601 0.632838 0.072690 0.089780
6 0.631997 0.618384 0.072690 0.089780
6 0.403465 0.646071 0.072690 0.089780
5 0.319633 0.648310 0.072690 0.089780
5 0.708764 0.624287 0.072690 0.089780
1 0.515489 0.581942 0.464402 0.229845
0 0.513451 0.337643 0.599457 0.251425
