5 0.346264 0.463151 0.080027 0.110749
5 0.428940 0.463151 0.089946 0.124593
5 0.531590 0.463151 0.111005 0.144951
5 0.645584 0.471091 0.121603 0.158388
5 0.742527 0.480049 0.064946 0.122150
5 0.808628 0.463660 0.058016 0.125611
4 0.386685 0.803033 0.091304 0.114210
5 0.462500 0.789393 0.064946 0.093852
5 0.532337 0.808123 0.067120 0.117467
5 0.603329 0.821152 0.079212 0.109731
5 0.673913 0.818302 0.060326 0.115432
4 0.739130 0.826242 0.071739 0.133347
0 0.575068 0.521274 0.532201 0.282777
1 0.554212 0.754988 0.427989 0.282777
