4 0.319497 0.346702 0.122962 0.167345
4 0.411957 0.386808 0.058967 0.096091
6 0.519158 0.346091 0.155435 0.168567
6 0.664062 0.368689 0.128397 0.166124
5 0.758764 0.406657 0.059647 0.128868
5 0.830503 0.373270 0.092799 0.150448
5 0.327446 0.778705 0.108696 0.176303
6 0.436481 0.784914 0.108016 0.134568
6 0.528193 0.788375 0.087636 0.139047
6 0.613451 0.797435 0.084511 0.157166
5 0.693886 0.820542 0.076359 0.169585
6 0.775408 0.859629 0.097283 0.170806
0 0.568207 0.443913 0.620380 0.373168
1 0.556861 0.748168 0.569158 0.423046
