4 0.304416 0.434344 0.070245 0.114210
5 0.387092 0.439434 0.095109 0.131311
5 0.505163 0.438314 0.133696 0.138029
4 0.640693 0.446763 0.137364 0.166327
5 0.752785 0.437195 0.080842 0.140269
4 0.833899 0.431494 0.077038 0.135790
6 0.471196 0.765167 0.095924 0.119910
6 0.559918 0.772496 0.102717 0.116653
6 0.641033 0.770257 0.088315 0.134568
6 0.737296 0.793363 0.096603 0.158388
6 0.389266 0.774125 0.067935 0.099552
5 0.815082 0.783184 0.057337 0.106270
0 0.567120 0.498270 0.601630 0.278298
1 0.600679 0.737989 0.489130 0.285016
