4 0.291576 0.357899 0.118478 0.183225
4 0.377649 0.410016 0.076223 0.126629
6 0.494226 0.359629 0.155571 0.175285
6 0.637636 0.383958 0.129891 0.187704
5 0.730095 0.443913 0.053668 0.133347
5 0.806386 0.418465 0.098913 0.166327
4 0.304416 0.813721 0.109375 0.187704
6 0.408967 0.809853 0.105707 0.132329
5 0.506318 0.817691 0.093614 0.154927
6 0.590489 0.838660 0.088315 0.160627
5 0.672351 0.843750 0.075408 0.161849
6 0.760326 0.900244 0.097283 0.164088
0 0.544429 0.462541 0.627174 0.388029
1 0.531182 0.783795 0.561549 0.428746
