5 0.334918 0.504988 0.084511 0.110953
5 0.418750 0.504479 0.090489 0.120928
5 0.523302 0.498779 0.119973 0.116450
5 0.638043 0.503868 0.107880 0.126629
5 0.732745 0.513436 0.072554 0.127850
5 0.801834 0.500509 0.068614 0.115432
4 0.374932 0.847109 0.077038 0.118893
5 0.451562 0.832451 0.070245 0.107492
5 0.520652 0.851079 0.070924 0.133347
5 0.594973 0.848840 0.082337 0.104031
5 0.666712 0.849959 0.062772 0.113192
4 0.731590 0.871437 0.065625 0.128868
0 0.559986 0.572374 0.542799 0.280334
1 0.550476 0.793974 0.426495 0.295195
