6 0.263655 0.446254 0.083832 0.117671
5 0.353057 0.439434 0.088995 0.112989
5 0.455707 0.436584 0.111685 0.121132
5 0.565557 0.449002 0.113995 0.159406
6 0.662160 0.488599 0.076223 0.134772
6 0.741101 0.491348 0.077038 0.140269
6 0.354959 0.758245 0.080842 0.108510
5 0.430027 0.753766 0.070924 0.104031
5 0.501019 0.736869 0.071060 0.110953
5 0.570109 0.758856 0.068750 0.114210
5 0.635394 0.770867 0.063451 0.124389
6 0.696467 0.801914 0.067935 0.123371
0 0.502174 0.533286 0.559239 0.332451
1 0.522894 0.734629 0.427310 0.275855
