5 0.206997 0.460912 0.089810 0.101792
5 0.296060 0.463151 0.085326 0.110749
5 0.397622 0.476690 0.123777 0.135790
5 0.514674 0.478420 0.108696 0.136808
6 0.614946 0.484629 0.095109 0.149226
6 0.708220 0.485240 0.091440 0.145969
6 0.266304 0.741348 0.084511 0.140269
5 0.350476 0.740228 0.086821 0.142508
5 0.428533 0.750916 0.075543 0.114210
5 0.498030 0.753766 0.072418 0.115432
5 0.574592 0.760586 0.082337 0.138029
6 0.651563 0.776975 0.073234 0.141490
0 0.457609 0.534914 0.591033 0.261197
1 0.453804 0.724959 0.468750 0.265879
