5 0.270788 0.460301 0.087500 0.098534
5 0.361345 0.468241 0.093614 0.114414
6 0.473845 0.471600 0.134375 0.134568
6 0.601766 0.485240 0.115489 0.123168
5 0.703329 0.497659 0.086005 0.127647
5 0.788655 0.506107 0.077038 0.131107
6 0.318682 0.756107 0.086821 0.129072
6 0.399864 0.749898 0.081522 0.134568
5 0.481046 0.771885 0.083832 0.110953
5 0.561821 0.776466 0.067120 0.117671
6 0.632337 0.790004 0.081522 0.106474
6 0.717663 0.799064 0.087500 0.129072
0 0.528940 0.549674 0.600815 0.299674
1 0.515761 0.724349 0.482337 0.285016
