5 0.286685 0.468241 0.092120 0.114414
5 0.382948 0.471091 0.100408 0.110749
6 0.500611 0.486869 0.127582 0.128868
6 0.620652 0.488599 0.112500 0.129886
5 0.723370 0.511197 0.088315 0.116450
5 0.806386 0.523107 0.077717 0.128868
5 0.504755 0.770867 0.084511 0.099552
5 0.584443 0.781454 0.071603 0.109731
6 0.337636 0.769646 0.091304 0.147191
6 0.422147 0.761706 0.080707 0.144748
6 0.658832 0.791735 0.078533 0.125407
6 0.739606 0.801914 0.083016 0.148208
0 0.545177 0.558123 0.609103 0.298656
1 0.536889 0.736869 0.491440 0.289699
