6 0.321399 0.492569 0.080027 0.097109
6 0.403329 0.490330 0.089810 0.104031
4 0.510462 0.497150 0.127446 0.138029
5 0.636549 0.496539 0.123098 0.139251
6 0.737636 0.514658 0.080707 0.116450
5 0.807880 0.515778 0.064130 0.125611
5 0.355707 0.753868 0.071739 0.110749
6 0.433084 0.778705 0.080027 0.115228
6 0.511957 0.776466 0.074728 0.101792
6 0.590149 0.789393 0.083016 0.114210
6 0.670516 0.797944 0.082337 0.108510
6 0.748234 0.797944 0.074728 0.131311
0 0.561821 0.553644 0.560870 0.271376
1 0.551630 0.736869 0.469565 0.266897
