6 0.277921 0.533286 0.086821 0.117467
6 0.365557 0.543465 0.094429 0.131311
4 0.476155 0.541735 0.123777 0.136808
4 0.596128 0.550285 0.110190 0.122150
4 0.691644 0.568913 0.079212 0.107288
4 0.764810 0.558123 0.064130 0.119910
5 0.353125 0.840900 0.084511 0.124389
5 0.432745 0.826751 0.077717 0.125407
5 0.512772 0.840391 0.077717 0.132329
5 0.587840 0.859019 0.071060 0.106474
5 0.657269 0.837541 0.080027 0.115228
5 0.730503 0.834691 0.063451 0.107492
0 0.516848 0.602300 0.564674 0.266897
1 0.536141 0.799064 0.452174 0.232899
