6 0.277242 0.519646 0.076223 0.119910
6 0.361005 0.520257 0.088315 0.118689
4 0.471943 0.538375 0.130571 0.145969
5 0.603329 0.535016 0.122962 0.141287
6 0.701834 0.544585 0.074049 0.113192
5 0.768274 0.561482 0.055842 0.106270
5 0.315693 0.789393 0.068614 0.114210
6 0.391576 0.804764 0.079891 0.117671
6 0.468139 0.815452 0.076223 0.109731
6 0.550068 0.824511 0.083016 0.105049
6 0.630503 0.840289 0.080842 0.105252
6 0.706726 0.829601 0.077853 0.119707
0 0.520652 0.596600 0.561685 0.287256
1 0.511617 0.769646 0.471060 0.259976
