6 0.279144 0.534914 0.086005 0.105252
6 0.363995 0.537765 0.085326 0.110953
4 0.471603 0.537866 0.128261 0.117671
4 0.593886 0.549674 0.114674 0.139251
4 0.690897 0.565452 0.077717 0.114210
4 0.756929 0.555375 0.064946 0.107492
5 0.352717 0.834691 0.094293 0.118893
5 0.437228 0.814841 0.074728 0.119910
5 0.510054 0.840900 0.070924 0.117467
5 0.579959 0.848840 0.076223 0.104031
5 0.653125 0.843750 0.079348 0.130090
5 0.721807 0.847109 0.065625 0.143730
0 0.514266 0.598331 0.556250 0.250000
1 0.529008 0.799572 0.449864 0.247761
