5 0.198370 0.423046 0.089130 0.127850
5 0.289674 0.422435 0.093478 0.124593
5 0.393478 0.434344 0.107880 0.145969
5 0.508220 0.441164 0.116984 0.148208
6 0.615014 0.453481 0.102582 0.166327
6 0.706726 0.460912 0.077853 0.146987
5 0.261753 0.712541 0.096603 0.145765
5 0.347758 0.718139 0.080027 0.125611
5 0.421739 0.718750 0.064946 0.099552
5 0.494973 0.731779 0.084511 0.123168
5 0.565625 0.731270 0.061141 0.122150
5 0.631182 0.737378 0.076223 0.148208
0 0.451970 0.504479 0.596332 0.290717
1 0.441780 0.691673 0.459647 0.257940
