6 0.317188 0.513436 0.065625 0.107492
6 0.394973 0.528094 0.089946 0.132329
5 0.501359 0.527586 0.126087 0.144748
5 0.632745 0.541226 0.132065 0.149226
6 0.734647 0.571152 0.068750 0.139047
6 0.800000 0.564943 0.067935 0.135586
5 0.343682 0.866348 0.065625 0.123168
5 0.414198 0.862989 0.072418 0.127850
4 0.491576 0.888436 0.080707 0.129072
4 0.569361 0.907675 0.079212 0.128868
5 0.647079 0.903196 0.071603 0.124389
5 0.722554 0.903094 0.077717 0.126629
0 0.559171 0.602809 0.549592 0.320033
1 0.536141 0.840391 0.449185 0.279316
