6 0.256046 0.476792 0.070245 0.122150
5 0.339538 0.466612 0.095109 0.117671
4 0.454212 0.472720 0.132880 0.136808
4 0.587092 0.469971 0.128261 0.128868
5 0.702174 0.490330 0.095924 0.133347
6 0.777989 0.493689 0.054348 0.097313
6 0.300272 0.791633 0.086141 0.118689
6 0.376495 0.786645 0.063315 0.108713
6 0.442935 0.798453 0.081522 0.127850
6 0.524049 0.801914 0.074728 0.107492
6 0.603261 0.797944 0.088315 0.124389
4 0.688995 0.800183 0.084511 0.124389
0 0.512772 0.529927 0.588043 0.260179
1 0.497622 0.744809 0.483832 0.242060
