6 0.226630 0.478929 0.080707 0.119910
5 0.311889 0.472211 0.089810 0.115432
5 0.417187 0.463762 0.123777 0.123371
5 0.533492 0.469361 0.110190 0.137011
6 0.627106 0.502748 0.072418 0.131311
6 0.699185 0.510688 0.067120 0.131311
6 0.323981 0.772394 0.086821 0.091612
5 0.401359 0.752748 0.078533 0.104031
5 0.473098 0.739210 0.066304 0.101792
5 0.544022 0.758856 0.070924 0.093852
5 0.607405 0.772496 0.052853 0.121132
5 0.664810 0.805782 0.058967 0.126629
0 0.461753 0.551303 0.552582 0.321254
1 0.490082 0.742569 0.423370 0.271376
