5 0.270041 0.460912 0.075408 0.142508
6 0.356454 0.436075 0.097418 0.138029
6 0.469701 0.452972 0.123098 0.176303
6 0.597283 0.462032 0.132065 0.194422
4 0.707065 0.483510 0.087500 0.176303
5 0.791644 0.497048 0.075408 0.169585
6 0.318342 0.799064 0.090489 0.149430
5 0.404755 0.790004 0.077717 0.126832
6 0.485598 0.796315 0.085326 0.150448
6 0.568954 0.815452 0.084647 0.134568
6 0.644022 0.816572 0.064130 0.125407
6 0.718071 0.837439 0.080707 0.119910
0 0.531997 0.532675 0.602310 0.345073
1 0.515014 0.753257 0.480842 0.302117
