5 0.265897 0.490228 0.083696 0.142508
5 0.358356 0.492569 0.104212 0.160627
4 0.484035 0.494198 0.144158 0.166327
4 0.622147 0.506107 0.129076 0.190147
6 0.729755 0.554255 0.084511 0.186686
5 0.805978 0.579092 0.063315 0.159406
5 0.328125 0.890065 0.095109 0.123371
5 0.413111 0.883347 0.073234 0.132329
4 0.491236 0.903603 0.087636 0.154927
4 0.572418 0.920094 0.074728 0.117467
5 0.652038 0.928542 0.081522 0.127850
5 0.725204 0.939638 0.069429 0.120725
0 0.531590 0.620928 0.616712 0.424267
1 0.520992 0.838050 0.480842 0.292956
