4 0.305163 0.561584 0.071739 0.104031
6 0.384783 0.545704 0.089130 0.099552
6 0.493818 0.540615 0.124592 0.109731
4 0.614266 0.538884 0.111685 0.131107
5 0.710122 0.576853 0.077038 0.121132
5 0.790897 0.603929 0.078533 0.102809
5 0.367459 0.848331 0.080027 0.111971
6 0.441780 0.864108 0.065625 0.130090
6 0.511277 0.857288 0.074728 0.118893
6 0.578397 0.857899 0.062772 0.126629
5 0.645924 0.879377 0.075543 0.128868
5 0.721060 0.888436 0.070109 0.106270
0 0.547486 0.622659 0.565353 0.316572
1 0.541780 0.821661 0.425679 0.253257
