5 0.282133 0.421213 0.077038 0.142508
6 0.362568 0.462541 0.086821 0.148208
5 0.470448 0.494809 0.130571 0.149226
4 0.604416 0.497048 0.134375 0.151669
4 0.722962 0.527586 0.102717 0.140269
5 0.812024 0.527586 0.071060 0.110953
5 0.331590 0.771987 0.080842 0.146987
6 0.413859 0.800285 0.088315 0.142508
5 0.493478 0.814943 0.070924 0.122150
6 0.578736 0.831230 0.093614 0.136808
6 0.659171 0.829601 0.070245 0.108713
6 0.729755 0.828990 0.087500 0.120928
0 0.545584 0.531555 0.605299 0.365228
1 0.530435 0.753868 0.478533 0.280537
