5 0.302514 0.501120 0.072418 0.114210
6 0.383288 0.505599 0.090489 0.118689
6 0.487024 0.501018 0.116984 0.161645
6 0.605571 0.498168 0.115489 0.153909
5 0.708628 0.520257 0.088995 0.143526
5 0.789402 0.528196 0.070924 0.134568
5 0.369293 0.812093 0.074728 0.118893
6 0.442120 0.808734 0.067935 0.109731
5 0.507065 0.818302 0.073913 0.117467
6 0.577989 0.826751 0.073913 0.107492
5 0.648166 0.825631 0.066440 0.118689
5 0.713927 0.828379 0.063451 0.122150
0 0.549321 0.552524 0.561685 0.276059
1 0.539538 0.765778 0.418207 0.256718
