6 0.291916 0.452362 0.087636 0.136808
5 0.385530 0.464271 0.093614 0.153705
6 0.491984 0.481881 0.119293 0.132329
6 0.607812 0.485240 0.111005 0.141490
6 0.704823 0.472211 0.078397 0.144748
6 0.776155 0.470480 0.064266 0.148208
5 0.375679 0.847211 0.092120 0.150448
5 0.461413 0.839271 0.079348 0.150448
6 0.533152 0.816572 0.064130 0.125407
5 0.597215 0.852199 0.073234 0.149430
6 0.661005 0.832451 0.054348 0.127850
6 0.727106 0.846600 0.079212 0.149226
0 0.531250 0.537765 0.564674 0.307614
1 0.549321 0.776466 0.434783 0.305375
