4 0.262840 0.424165 0.083832 0.109731
5 0.351562 0.432105 0.090625 0.134568
5 0.470856 0.437093 0.144973 0.138029
4 0.608967 0.447883 0.128261 0.136808
4 0.721060 0.465391 0.092935 0.129072
5 0.802921 0.463151 0.066440 0.108713
5 0.290421 0.709691 0.086005 0.131107
5 0.377989 0.742569 0.081522 0.124389
5 0.459103 0.757227 0.080707 0.131311
5 0.544769 0.766287 0.086005 0.106270
6 0.628193 0.781046 0.086821 0.119910
5 0.712364 0.775855 0.081522 0.141287
0 0.526698 0.512419 0.615897 0.299674
1 0.502174 0.705822 0.504891 0.290717
