4 0.304755 0.459691 0.081522 0.106270
5 0.379484 0.458062 0.067935 0.132329
4 0.480299 0.461421 0.129076 0.150448
4 0.605163 0.472109 0.122283 0.162866
5 0.707812 0.495318 0.083016 0.132329
5 0.788587 0.504988 0.075543 0.106474
4 0.354212 0.849959 0.080707 0.108713
5 0.434647 0.830721 0.084511 0.126832
4 0.512704 0.829092 0.070245 0.118689
5 0.582541 0.828990 0.066440 0.111971
6 0.653872 0.839169 0.077853 0.132329
4 0.729755 0.846600 0.072554 0.128868
0 0.545177 0.529825 0.565353 0.307614
1 0.538383 0.790106 0.447690 0.244300
