6 0.300204 0.477809 0.077038 0.122150
6 0.379076 0.483510 0.085326 0.131107
5 0.490082 0.492060 0.141033 0.148208
5 0.620313 0.500509 0.120788 0.172028
5 0.718410 0.525957 0.071060 0.134568
5 0.791236 0.533286 0.076223 0.115432
5 0.280571 0.769035 0.078533 0.130090
6 0.377242 0.807512 0.111821 0.139047
5 0.506318 0.818811 0.104212 0.127850
5 0.606318 0.817793 0.092799 0.132329
5 0.718410 0.811482 0.123777 0.135586
5 0.811617 0.790004 0.068614 0.110953
0 0.551562 0.561584 0.575136 0.303135
1 0.543274 0.763436 0.603940 0.254479
