6 0.485326 0.447476 0.133696 0.144137
5 0.615489 0.470989 0.101359 0.112581
6 0.788995 0.457655 0.088859 0.111156
5 0.705842 0.460098 0.069022 0.112785
5 0.381386 0.467936 0.082609 0.106474
6 0.291440 0.463151 0.086685 0.112785
5 0.601359 0.812398 0.096196 0.119096
5 0.439810 0.806901 0.095109 0.117467
4 0.524524 0.824919 0.059647 0.078176
4 0.358899 0.814027 0.058560 0.115839
5 0.684443 0.817895 0.059647 0.098738
5 0.753940 0.828787 0.073098 0.123779
1 0.562704 0.763131 0.463995 0.280334
0 0.541304 0.520257 0.584239 0.289699

