5 0.290897 0.465493 0.096196 0.117467
6 0.382405 0.456840 0.093071 0.112785
5 0.493139 0.459283 0.132745 0.139251
5 0.626427 0.465493 0.127582 0.145562
5 0.730910 0.471804 0.083560 0.154927
5 0.814063 0.481169 0.078397 0.161441
5 0.344769 0.807716 0.088723 0.128461
5 0.431522 0.808530 0.091033 0.139454
5 0.514062 0.809243 0.076223 0.131515
5 0.590897 0.814739 0.081522 0.136401
5 0.666712 0.823290 0.067935 0.131515
5 0.741372 0.835098 0.085734 0.117264
0 0.546467 0.545399 0.609239 0.317997
1 0.540693 0.748168 0.487092 0.291124
