6 0.406929 0.463151 0.138043 0.153502
5 0.547554 0.483510 0.116033 0.140879
6 0.651495 0.488294 0.081522 0.128461
6 0.302921 0.469361 0.084647 0.115839
5 0.727853 0.481169 0.060598 0.111360
5 0.225136 0.453787 0.069022 0.090798
5 0.347418 0.811686 0.081522 0.133143
6 0.438859 0.824104 0.080435 0.123779
6 0.521399 0.844463 0.080571 0.120521
5 0.600340 0.854743 0.071060 0.128461
5 0.677649 0.822476 0.064810 0.101792
5 0.272079 0.785016 0.071060 0.123779
1 0.473370 0.759976 0.475543 0.324104
0 0.476495 0.540717 0.571739 0.308632
