5 0.578397 0.523514 0.121196 0.117467
5 0.460258 0.496844 0.102310 0.104845
4 0.678668 0.477300 0.079348 0.087744
4 0.744497 0.528094 0.050136 0.092427
4 0.362024 0.500713 0.094158 0.084487
4 0.277921 0.457757 0.072147 0.095480
4 0.328533 0.817895 0.075272 0.114210
4 0.709511 0.865635 0.082609 0.103420
6 0.410598 0.834283 0.086685 0.100163
6 0.627514 0.857085 0.083560 0.123779
6 0.546943 0.824206 0.071060 0.108103
5 0.483764 0.830314 0.059647 0.117467
1 0.519293 0.797537 0.463043 0.242875
0 0.507269 0.550081 0.528940 0.289902
