5 0.604552 0.448188 0.125408 0.126832
5 0.479552 0.471804 0.124321 0.120725
5 0.709511 0.510077 0.080435 0.137826
5 0.369837 0.482695 0.088859 0.111156
4 0.295177 0.493791 0.064810 0.086116
4 0.786889 0.481169 0.072147 0.114210
6 0.564266 0.810057 0.076359 0.105049
5 0.486413 0.818709 0.075272 0.106474
5 0.643682 0.835098 0.076223 0.120521
5 0.409035 0.829601 0.073234 0.128257
5 0.721535 0.827260 0.073234 0.139454
4 0.336957 0.837439 0.073098 0.103217
1 0.532405 0.777178 0.457745 0.283591
0 0.543342 0.536747 0.557065 0.300692
