6 0.327921 0.511095 0.100136 0.140269
6 0.563519 0.504682 0.128125 0.153094
6 0.376495 0.864108 0.110054 0.143526
6 0.616440 0.894646 0.085054 0.168363
4 0.439063 0.504173 0.123777 0.143526
4 0.679348 0.538884 0.100815 0.168160
5 0.773709 0.572679 0.082201 0.169381
4 0.222418 0.507329 0.110870 0.126629
4 0.463383 0.859324 0.070788 0.125407
4 0.534239 0.867366 0.077989 0.143526
4 0.701902 0.909711 0.088587 0.138233
4 0.278533 0.861971 0.081522 0.154316
0 0.489130 0.597923 0.648641 0.313925
1 0.490897 0.825529 0.516304 0.334283
