4 0.277989 0.525346 0.070109 0.104031
4 0.353125 0.522496 0.078533 0.118689
4 0.454620 0.516388 0.120109 0.140269
5 0.577242 0.516287 0.126766 0.162866
4 0.670856 0.537256 0.060462 0.118893
5 0.733084 0.545094 0.062636 0.125611
5 0.315285 0.818302 0.066440 0.095073
6 0.379144 0.827972 0.062636 0.116450
4 0.451562 0.825020 0.079212 0.124389
5 0.525543 0.834691 0.077717 0.118893
5 0.602174 0.840391 0.072554 0.127850
5 0.670856 0.851079 0.075408 0.119910
0 0.503261 0.587032 0.529891 0.306393
1 0.495720 0.790615 0.425679 0.240839
