4 0.348573 0.516897 0.075408 0.105049
5 0.427446 0.516287 0.085326 0.117671
5 0.524796 0.537765 0.105027 0.135790
5 0.641780 0.536645 0.116984 0.138029
5 0.739538 0.531046 0.081522 0.128868
4 0.819226 0.505599 0.083832 0.134568
5 0.395380 0.800794 0.081522 0.123168
5 0.478329 0.829601 0.083016 0.113192
4 0.556861 0.822170 0.069429 0.114210
4 0.624049 0.818811 0.070924 0.111971
5 0.695380 0.817081 0.082337 0.119910
5 0.782201 0.818302 0.083696 0.128868
0 0.588995 0.570033 0.553261 0.277280
1 0.589742 0.773107 0.473234 0.230660
