5 0.608628 0.522700 0.110734 0.093852
5 0.487908 0.524328 0.109783 0.106474
4 0.704280 0.539088 0.072147 0.092427
4 0.788927 0.536849 0.090897 0.090798
4 0.318139 0.535220 0.083560 0.090798
5 0.395924 0.542243 0.067935 0.080008
6 0.445041 0.793669 0.084647 0.097109
6 0.520856 0.808530 0.062636 0.076751
6 0.597147 0.818607 0.081522 0.090798
5 0.659375 0.799064 0.074185 0.083062
5 0.729891 0.800590 0.069022 0.095480
5 0.376630 0.813111 0.054348 0.092427
1 0.559035 0.761502 0.423234 0.230252
0 0.555367 0.583673 0.564266 0.234935
