6 0.442459 0.443607 0.158832 0.114414
6 0.581522 0.444422 0.117120 0.109528
6 0.694361 0.473331 0.098234 0.101792
6 0.322283 0.445134 0.081522 0.098738
6 0.248098 0.428644 0.060598 0.097109
5 0.779620 0.493689 0.076359 0.079805
6 0.365149 0.835098 0.083560 0.129886
6 0.279959 0.829601 0.082473 0.116042
5 0.519293 0.845277 0.086685 0.112785
5 0.602378 0.855456 0.071060 0.114414
5 0.443546 0.850672 0.068886 0.126832
5 0.683424 0.871132 0.088859 0.129886
1 0.485870 0.782573 0.483967 0.335098
0 0.518274 0.519544 0.600951 0.288274
