5 0.580435 0.474043 0.123370 0.097109
6 0.459239 0.467121 0.123370 0.114210
5 0.684443 0.480354 0.076223 0.078379
5 0.765421 0.481983 0.077310 0.103217
5 0.353668 0.467936 0.079348 0.087744
4 0.273709 0.462337 0.080571 0.089169
5 0.423709 0.813925 0.085734 0.094055
4 0.554280 0.829601 0.083560 0.109528
5 0.489538 0.800692 0.060598 0.092427
5 0.633220 0.839068 0.076223 0.106474
5 0.710054 0.833571 0.077446 0.104845
5 0.337976 0.820134 0.079484 0.106474
1 0.524049 0.777891 0.449457 0.263029
0 0.519293 0.542243 0.569565 0.261604
