6 0.584103 0.415411 0.139130 0.111360
6 0.445652 0.427932 0.135870 0.114414
6 0.334307 0.427932 0.084647 0.095684
5 0.702242 0.448290 0.084647 0.101792
5 0.794226 0.447577 0.090897 0.115839
6 0.244973 0.429458 0.087772 0.104845
6 0.281590 0.741144 0.071060 0.114210
5 0.346332 0.758347 0.062772 0.083062
6 0.427310 0.774837 0.095109 0.109528
4 0.515625 0.795908 0.083696 0.098738
5 0.591440 0.799064 0.097283 0.123779
5 0.679212 0.788884 0.084783 0.118893
1 0.486345 0.731779 0.472418 0.292956
0 0.521943 0.512520 0.635462 0.308428
