5 0.576766 0.486665 0.103533 0.109731
4 0.662568 0.473331 0.063723 0.083062
4 0.739810 0.455314 0.086685 0.084487
5 0.471739 0.481169 0.112772 0.108103
4 0.376087 0.466205 0.076359 0.081433
5 0.293003 0.438925 0.089810 0.098534
5 0.365149 0.721498 0.094158 0.112785
5 0.519293 0.748982 0.074185 0.114414
5 0.593546 0.760790 0.072147 0.112785
4 0.447690 0.752138 0.066848 0.104845
5 0.683356 0.753664 0.093071 0.117264
5 0.286753 0.677626 0.066984 0.106474
1 0.493682 0.693404 0.470245 0.307003
0 0.515149 0.531352 0.534103 0.274023
