5 0.526563 0.509365 0.111821 0.107899
5 0.427853 0.491348 0.091848 0.109731
6 0.322351 0.479642 0.091984 0.098534
5 0.621196 0.525855 0.058424 0.109528
5 0.693274 0.527382 0.064810 0.100366
6 0.248641 0.473331 0.059511 0.095684
5 0.446128 0.787357 0.065897 0.103217
6 0.309783 0.765472 0.066848 0.103420
6 0.379755 0.781861 0.062772 0.098738
6 0.565829 0.827260 0.056386 0.082858
5 0.510938 0.833571 0.061549 0.114210
5 0.633220 0.871132 0.078397 0.089169
1 0.474932 0.773310 0.397147 0.300692
0 0.472283 0.561075 0.508967 0.274023
