5 0.592459 0.516388 0.118071 0.106474
5 0.474389 0.512520 0.120245 0.095480
4 0.689674 0.536747 0.074185 0.093852
5 0.363587 0.503970 0.097283 0.106474
5 0.768546 0.536747 0.079484 0.137826
5 0.286753 0.509365 0.052310 0.079805
6 0.495788 0.786543 0.075272 0.092223
5 0.568410 0.788172 0.063723 0.095480
5 0.640014 0.796010 0.071060 0.092427
5 0.714198 0.806901 0.073234 0.092223
6 0.424728 0.777077 0.073098 0.092427
5 0.349457 0.764658 0.062772 0.083062
1 0.535462 0.745827 0.428533 0.245725
0 0.537024 0.564943 0.546603 0.250407
