6 0.580978 0.508550 0.109783 0.103420
6 0.461821 0.497659 0.103533 0.097109
5 0.686549 0.557105 0.086685 0.084487
5 0.357337 0.499186 0.103533 0.090798
5 0.765421 0.568913 0.068886 0.089373
5 0.274728 0.500000 0.063859 0.079805
5 0.543818 0.846804 0.085734 0.084487
5 0.398030 0.828888 0.084647 0.095480
4 0.474321 0.833571 0.061685 0.086116
5 0.615965 0.839882 0.062636 0.086116
4 0.688111 0.845989 0.079484 0.108103
5 0.315965 0.810057 0.071060 0.107899
1 0.507269 0.768526 0.449321 0.281759
0 0.523505 0.575122 0.554891 0.252036
