5 0.601359 0.485138 0.117120 0.109528
5 0.486889 0.485138 0.107745 0.112785
6 0.705910 0.498473 0.085734 0.108103
6 0.382880 0.464780 0.087772 0.103420
5 0.791101 0.517915 0.078397 0.090798
5 0.289878 0.438111 0.094158 0.096906
5 0.289606 0.437704 0.094158 0.096906
6 0.379212 0.786645 0.074185 0.101792
6 0.451902 0.828074 0.069022 0.115839
5 0.526630 0.825631 0.074185 0.095480
5 0.604484 0.862480 0.079348 0.115839
6 0.309783 0.814739 0.066848 0.092427
6 0.683899 0.875814 0.073234 0.120521
1 0.498437 0.792752 0.444158 0.305375
0 0.535462 0.546926 0.583152 0.317793
