6 0.534511 0.809243 0.075272 0.084691
6 0.460802 0.796722 0.065897 0.097109
6 0.392323 0.797537 0.068886 0.086116
5 0.583016 0.463151 0.101359 0.100163
5 0.464946 0.453787 0.109783 0.094055
5 0.681861 0.474145 0.083560 0.100163
5 0.604484 0.796722 0.064674 0.087744
5 0.675543 0.813213 0.075272 0.095480
4 0.318682 0.787357 0.078397 0.093852
5 0.359918 0.448290 0.098370 0.083062
6 0.764402 0.496844 0.073098 0.117467
6 0.271060 0.439739 0.073098 0.103420
1 0.499932 0.745114 0.438995 0.253664
0 0.516168 0.528196 0.565489 0.277077
