4 0.324389 0.413070 0.100408 0.140879
4 0.400679 0.442793 0.048098 0.125407
4 0.480163 0.452260 0.102446 0.115839
4 0.588859 0.454499 0.108696 0.126832
4 0.679755 0.447476 0.073098 0.109528
5 0.757065 0.401364 0.079348 0.145562
5 0.374592 0.788884 0.069022 0.144137
4 0.444022 0.800692 0.074185 0.111156
4 0.511005 0.801405 0.067935 0.109731
5 0.582541 0.816266 0.075136 0.130090
4 0.663587 0.828074 0.088859 0.128461
4 0.749796 0.814739 0.085734 0.114414
0 0.535462 0.479642 0.528804 0.324104
1 0.566848 0.757634 0.457880 0.300692
