5 0.308696 0.358204 0.087772 0.147191
5 0.406997 0.387928 0.104484 0.169178
5 0.524524 0.402891 0.130571 0.142508
5 0.659307 0.409914 0.132745 0.137826
4 0.777989 0.415411 0.096196 0.117467
4 0.860054 0.394239 0.076359 0.109731
5 0.390217 0.718445 0.085598 0.128257
5 0.470177 0.726283 0.074321 0.134568
5 0.547554 0.734935 0.086685 0.142508
5 0.633696 0.735647 0.081522 0.128461
5 0.718954 0.737174 0.093071 0.134772
4 0.796264 0.732492 0.065897 0.122150
0 0.581997 0.445134 0.636549 0.330415
1 0.586685 0.672231 0.489130 0.277280
