5 0.301902 0.442895 0.091033 0.097109
5 0.386617 0.446763 0.078397 0.108103
5 0.475408 0.453787 0.099185 0.116042
4 0.578872 0.463966 0.105571 0.114414
4 0.666712 0.470989 0.067935 0.103217
4 0.735598 0.467834 0.074185 0.100163
4 0.345245 0.734833 0.087772 0.108103
5 0.420584 0.734121 0.071060 0.112785
5 0.487976 0.746641 0.065897 0.103217
5 0.553804 0.747455 0.061685 0.098738
5 0.619158 0.746641 0.069022 0.100366
4 0.685462 0.745827 0.067935 0.108103
0 0.512500 0.515676 0.522554 0.245928
1 0.509918 0.693404 0.419022 0.225570
