5 0.297215 0.323799 0.123234 0.119096
4 0.398098 0.357492 0.082609 0.129886
4 0.506793 0.366857 0.130707 0.151873
5 0.636413 0.379377 0.122283 0.154927
5 0.731454 0.395053 0.065897 0.120725
5 0.823981 0.375407 0.121332 0.131515
5 0.290897 0.723941 0.102446 0.145765
6 0.387092 0.728624 0.085598 0.136401
5 0.468614 0.736462 0.079348 0.130090
5 0.547011 0.746641 0.079348 0.125204
5 0.625951 0.757533 0.080435 0.131515
5 0.714266 0.768628 0.094022 0.147191
0 0.557473 0.430273 0.654348 0.341409
1 0.501019 0.679255 0.524592 0.341409
