6 0.268478 0.360647 0.082609 0.117467
6 0.355231 0.384059 0.086821 0.164292
5 0.462364 0.409914 0.138043 0.165920
5 0.606046 0.422435 0.138995 0.168974
5 0.713723 0.419279 0.082609 0.150448
5 0.788451 0.407573 0.069022 0.114414
5 0.364063 0.726995 0.091984 0.155130
5 0.456590 0.784202 0.093071 0.153502
4 0.544905 0.814739 0.087908 0.136401
4 0.631114 0.815452 0.086685 0.128461
5 0.711617 0.810871 0.072147 0.134772
5 0.781658 0.793567 0.074185 0.140879
0 0.523981 0.473331 0.593614 0.355456
1 0.565829 0.715289 0.508016 0.328787
