4 0.301902 0.418567 0.072011 0.105049
4 0.369837 0.413783 0.070109 0.104845
5 0.460734 0.399023 0.109783 0.122150
5 0.568410 0.401262 0.105571 0.114414
4 0.655707 0.427932 0.062772 0.114414
4 0.717867 0.440452 0.059647 0.108103
5 0.353125 0.724654 0.072011 0.115839
5 0.413247 0.726181 0.050136 0.112785
6 0.467595 0.727809 0.062636 0.112785
5 0.530299 0.729336 0.062772 0.115839
5 0.581454 0.731779 0.043886 0.117467
5 0.637908 0.740330 0.069022 0.109731
0 0.506250 0.474857 0.480707 0.289699
1 0.495245 0.677015 0.358424 0.248982
