5 0.323302 0.439638 0.064810 0.097109
5 0.389130 0.454499 0.081522 0.136197
4 0.481114 0.470175 0.102446 0.148819
4 0.585666 0.482797 0.100408 0.148819
4 0.678125 0.481169 0.082609 0.123575
4 0.750815 0.480354 0.056522 0.119096
4 0.357812 0.720786 0.068886 0.114210
4 0.429891 0.727809 0.075272 0.122150
4 0.501019 0.752036 0.068886 0.123779
4 0.566372 0.766999 0.063723 0.119096
4 0.631658 0.759161 0.066848 0.094055
4 0.700136 0.757634 0.065761 0.097109
0 0.533967 0.514047 0.490217 0.267915
1 0.528736 0.705924 0.412908 0.247353
