5 0.293546 0.500000 0.063723 0.092427
6 0.353668 0.509365 0.066848 0.114414
5 0.443003 0.525753 0.111821 0.119096
5 0.552242 0.530537 0.104484 0.118893
5 0.643682 0.532777 0.076223 0.092427
5 0.708492 0.524226 0.057473 0.103420
4 0.340557 0.756006 0.057473 0.125204
5 0.401223 0.766897 0.067935 0.122150
5 0.468614 0.792040 0.066848 0.115839
5 0.533899 0.801405 0.063723 0.115839
5 0.601834 0.803033 0.072147 0.119096
5 0.665082 0.803746 0.062772 0.133143
0 0.498370 0.570440 0.481793 0.236564
1 0.505163 0.750509 0.386685 0.248982
