6 0.296739 0.298758 0.101359 0.134568
6 0.399660 0.307309 0.100408 0.139454
6 0.511481 0.321458 0.133832 0.161238
6 0.643139 0.337846 0.127582 0.156555
6 0.753940 0.351995 0.091848 0.159609
6 0.843818 0.380191 0.087908 0.128461
6 0.339538 0.681698 0.111957 0.148819
6 0.438859 0.687907 0.086685 0.136401
6 0.521399 0.692590 0.084647 0.139251
6 0.604484 0.703583 0.085598 0.133143
6 0.692799 0.716816 0.091033 0.131515
6 0.782677 0.736462 0.084647 0.123575
0 0.564266 0.406861 0.640761 0.360138
1 0.553261 0.651873 0.547554 0.308632
