5 0.287296 0.322985 0.097147 0.139454
5 0.377649 0.336319 0.079484 0.153502
5 0.481658 0.360647 0.122283 0.167549
5 0.606590 0.364515 0.116984 0.169178
5 0.719973 0.370012 0.101359 0.164292
5 0.805639 0.358306 0.072147 0.144137
5 0.307677 0.709080 0.073234 0.172231
5 0.388655 0.755293 0.088723 0.142508
4 0.468614 0.753664 0.075272 0.133143
4 0.539674 0.752850 0.066848 0.131515
5 0.618071 0.752850 0.100272 0.144137
5 0.708967 0.756820 0.081522 0.145562
0 0.538655 0.413070 0.602038 0.322476
1 0.511413 0.666022 0.482880 0.339780
