6 0.271603 0.387215 0.088859 0.120521
6 0.366168 0.377036 0.094022 0.122150
6 0.480095 0.372252 0.131658 0.137826
6 0.612840 0.396682 0.129484 0.176914
6 0.723641 0.410627 0.089946 0.151873
6 0.807269 0.436584 0.073234 0.125204
6 0.342187 0.681596 0.106658 0.111156
6 0.433084 0.684039 0.079484 0.131515
6 0.514062 0.689434 0.084647 0.130090
6 0.599321 0.712134 0.081522 0.122150
6 0.671875 0.716816 0.070109 0.112785
6 0.752378 0.725468 0.084647 0.126832
0 0.531318 0.457655 0.618614 0.336726
1 0.542799 0.647089 0.507880 0.289699
