6 0.302921 0.365228 0.093071 0.120521
6 0.390761 0.366857 0.086685 0.127036
6 0.493682 0.367671 0.123234 0.144137
6 0.616508 0.364515 0.128668 0.128461
6 0.717391 0.357492 0.075272 0.151873
6 0.807745 0.338660 0.101359 0.158184
6 0.331182 0.700326 0.082473 0.142508
5 0.411141 0.721600 0.079348 0.119096
5 0.484239 0.723127 0.075272 0.128257
5 0.562160 0.719971 0.090897 0.128461
6 0.648234 0.700224 0.081522 0.145562
6 0.733084 0.703481 0.085734 0.148819
0 0.556386 0.411543 0.606250 0.310057
1 0.534986 0.642508 0.488179 0.305375
