4 0.239674 0.325326 0.081522 0.122150
4 0.332201 0.339373 0.103533 0.153502
4 0.445584 0.372353 0.125408 0.172231
4 0.575272 0.400550 0.129620 0.143933
4 0.688111 0.403705 0.094158 0.140879
4 0.772758 0.401262 0.075136 0.133143
4 0.301902 0.762317 0.103533 0.134568
4 0.386073 0.755293 0.056386 0.120521
4 0.448234 0.764556 0.072011 0.126832
4 0.521875 0.774023 0.075272 0.129886
4 0.594565 0.779520 0.076359 0.128257
4 0.671875 0.793669 0.086685 0.115839
0 0.504144 0.432614 0.616712 0.352199
1 0.483220 0.693404 0.470245 0.328990
