5 0.304552 0.369910 0.089810 0.111156
6 0.393886 0.363701 0.086685 0.126832
6 0.496807 0.361360 0.127582 0.134772
6 0.622283 0.362887 0.123370 0.128461
6 0.732541 0.352809 0.099321 0.114414
6 0.825000 0.348025 0.081522 0.130090
6 0.388111 0.779520 0.119158 0.144137
6 0.478533 0.745012 0.061685 0.144340
6 0.551698 0.742671 0.082473 0.142508
6 0.629552 0.740330 0.073234 0.137826
6 0.706929 0.733306 0.083696 0.148616
6 0.802514 0.712948 0.103397 0.167752
0 0.561073 0.429458 0.609375 0.308428
1 0.591916 0.707451 0.524592 0.307003
