5 0.283084 0.337032 0.090897 0.126832
5 0.378193 0.348840 0.105571 0.137826
5 0.495788 0.359833 0.123370 0.159813
4 0.621264 0.380191 0.119158 0.141083
5 0.724117 0.367671 0.093071 0.144137
5 0.808288 0.361360 0.071196 0.144137
5 0.335870 0.707553 0.100272 0.178542
6 0.427853 0.710505 0.085598 0.162866
6 0.508356 0.722414 0.079484 0.158184
5 0.589878 0.731779 0.085734 0.126832
5 0.667663 0.731779 0.074185 0.136197
5 0.748166 0.727809 0.086821 0.128257
0 0.541236 0.435770 0.607201 0.324308
1 0.540217 0.650244 0.511141 0.305375
