5 0.295109 0.407573 0.081522 0.136401
6 0.381861 0.434141 0.094158 0.167549
4 0.494226 0.466307 0.126495 0.150448
4 0.617595 0.473331 0.111821 0.148616
6 0.721060 0.470175 0.088859 0.139454
6 0.799932 0.446763 0.068886 0.098738
5 0.368274 0.730151 0.104484 0.139454
5 0.463383 0.743485 0.085734 0.125407
5 0.541304 0.760688 0.074185 0.137826
5 0.616984 0.763844 0.069022 0.134772
5 0.688111 0.768526 0.071060 0.134772
5 0.756590 0.764658 0.063723 0.120521
0 0.543342 0.494503 0.584239 0.316368
1 0.552242 0.708265 0.478668 0.270765
