5 0.330095 0.425590 0.084647 0.128461
6 0.416848 0.433428 0.080435 0.144137
4 0.524049 0.454499 0.135870 0.167549
4 0.655707 0.455314 0.121196 0.156555
6 0.759715 0.454601 0.076223 0.142508
6 0.839674 0.444320 0.075272 0.128461
5 0.397011 0.750611 0.092935 0.142508
5 0.485870 0.756006 0.080435 0.128461
4 0.559579 0.749695 0.071060 0.125204
4 0.633220 0.754377 0.084647 0.128461
5 0.707405 0.757533 0.063723 0.131515
6 0.777989 0.759161 0.077446 0.134772
0 0.581522 0.510892 0.597826 0.292956
1 0.581997 0.685566 0.471332 0.291327
