6 0.291440 0.377850 0.097283 0.120521
6 0.382405 0.384161 0.084647 0.133143
6 0.485870 0.393424 0.128533 0.139454
6 0.610734 0.405232 0.123370 0.147191
6 0.713179 0.416124 0.077446 0.131515
6 0.795245 0.421621 0.076359 0.111156
5 0.367255 0.700428 0.079348 0.130090
6 0.441440 0.705110 0.073098 0.114210
5 0.514606 0.719259 0.073234 0.114414
5 0.586209 0.726995 0.072147 0.111156
6 0.659375 0.740432 0.070109 0.122150
5 0.733560 0.728624 0.078261 0.129886
0 0.537568 0.447476 0.595788 0.285016
1 0.551698 0.662765 0.446332 0.270969
