6 0.286753 0.391897 0.112908 0.139251
6 0.381861 0.416938 0.077310 0.123779
5 0.476427 0.427932 0.105571 0.139251
5 0.588791 0.431800 0.110734 0.140879
5 0.681318 0.421722 0.076223 0.117467
5 0.769090 0.430273 0.103397 0.141083
5 0.331658 0.729336 0.081522 0.125204
5 0.410598 0.734121 0.076359 0.118893
5 0.480095 0.736462 0.062636 0.120725
5 0.544361 0.742671 0.069973 0.114414
5 0.620177 0.751221 0.079484 0.122150
5 0.698030 0.757634 0.074321 0.115839
0 0.525543 0.464678 0.598913 0.291327
1 0.513587 0.683937 0.443207 0.278705
