5 0.293071 0.366857 0.087772 0.139251
5 0.384986 0.375407 0.094158 0.144137
5 0.498370 0.391185 0.130707 0.125204
4 0.627446 0.402077 0.123370 0.131515
4 0.729348 0.396580 0.082609 0.123779
4 0.810870 0.384874 0.080435 0.115839
4 0.354687 0.735647 0.100408 0.128461
5 0.450815 0.736360 0.089946 0.133143
5 0.532880 0.741144 0.067935 0.130090
4 0.608696 0.742671 0.089946 0.123779
5 0.691780 0.742671 0.076223 0.129886
5 0.765421 0.749796 0.071060 0.131515
0 0.551155 0.446763 0.606114 0.299064
1 0.551155 0.683937 0.497418 0.272598
