4 0.279959 0.438111 0.107745 0.134772
4 0.383424 0.437398 0.097283 0.136197
4 0.497894 0.443607 0.125408 0.139251
4 0.627446 0.454499 0.127446 0.148819
5 0.734035 0.463966 0.085734 0.161238
5 0.816101 0.485037 0.069973 0.137826
4 0.342187 0.787256 0.085734 0.131515
4 0.427378 0.784914 0.090897 0.126832
4 0.509918 0.794381 0.080435 0.123779
4 0.591984 0.800692 0.087772 0.123779
4 0.673438 0.800692 0.085734 0.123779
4 0.750272 0.788884 0.072011 0.087541
0 0.536005 0.529723 0.630163 0.333469
1 0.541236 0.731779 0.492255 0.277077
