4 0.320245 0.399735 0.069022 0.095480
5 0.394973 0.403705 0.088859 0.122150
4 0.494701 0.415411 0.108696 0.136197
4 0.608152 0.418567 0.118207 0.129886
4 0.713723 0.417752 0.095109 0.131515
4 0.796739 0.417040 0.075272 0.126832
4 0.334851 0.726995 0.085734 0.129886
4 0.417935 0.734833 0.080435 0.126832
4 0.496332 0.736462 0.086685 0.126832
4 0.579416 0.741144 0.079484 0.108103
4 0.661413 0.742671 0.082609 0.111156
4 0.739810 0.752850 0.076359 0.118893
0 0.560054 0.469361 0.554891 0.278705
1 0.534443 0.676099 0.487092 0.285016
