4 0.233967 0.374695 0.080435 0.104845
4 0.317052 0.363701 0.091984 0.120725
5 0.423641 0.375407 0.117120 0.131515
6 0.544905 0.382533 0.127582 0.142508
5 0.655707 0.406046 0.094022 0.158184
5 0.738247 0.435770 0.071060 0.148819
4 0.266372 0.705110 0.082473 0.108103
4 0.342663 0.703583 0.072011 0.111156
5 0.416916 0.723941 0.078397 0.139251
5 0.495245 0.732492 0.082609 0.131515
5 0.571535 0.740432 0.078397 0.131515
5 0.655707 0.747353 0.087772 0.123779
0 0.481114 0.453787 0.585326 0.319625
1 0.460802 0.669178 0.473505 0.305375
