5 0.323845 0.346498 0.093071 0.120521
5 0.403261 0.352809 0.074185 0.133143
6 0.506250 0.359833 0.129620 0.141083
5 0.636889 0.380904 0.123234 0.151873
6 0.740353 0.395053 0.083696 0.120725
6 0.830231 0.391185 0.089810 0.125204
5 0.380299 0.674572 0.080435 0.153298
6 0.463383 0.685566 0.087908 0.137826
6 0.548030 0.695033 0.079484 0.122150
6 0.608696 0.687907 0.045924 0.111156
6 0.673438 0.702769 0.077310 0.103420
5 0.761209 0.719971 0.091984 0.125204
0 0.575747 0.427219 0.598777 0.291327
1 0.571535 0.643221 0.473505 0.291327
