5 0.303465 0.373066 0.100408 0.126832
5 0.405910 0.384874 0.102310 0.134568
5 0.527174 0.391897 0.135870 0.155130
5 0.655707 0.402077 0.108696 0.166124
4 0.761277 0.428746 0.083696 0.162866
4 0.837024 0.453685 0.059647 0.147191
5 0.296739 0.680884 0.088859 0.119096
5 0.375611 0.676201 0.077310 0.119096
5 0.454008 0.677728 0.079484 0.116042
5 0.529755 0.699613 0.076359 0.128461
5 0.610734 0.705924 0.087772 0.134568
5 0.691780 0.723941 0.078397 0.155130
0 0.559035 0.465493 0.619701 0.321050
1 0.492663 0.648005 0.480707 0.316368
