5 0.278397 0.441164 0.100272 0.112785
5 0.371399 0.441979 0.085734 0.111156
6 0.479552 0.443607 0.132745 0.129886
6 0.613859 0.449002 0.127446 0.137826
5 0.724660 0.457655 0.089810 0.142508
5 0.808832 0.464678 0.070109 0.137826
4 0.360938 0.737276 0.091984 0.128461
4 0.451359 0.744300 0.082609 0.120521
6 0.532337 0.744300 0.081522 0.123779
5 0.606046 0.746539 0.069973 0.131515
4 0.675543 0.764658 0.060598 0.114414
4 0.749728 0.785729 0.087772 0.119096
0 0.533424 0.518730 0.620924 0.274023
1 0.553804 0.708265 0.483967 0.286645
