4 0.277378 0.324511 0.083560 0.101792
4 0.364606 0.340289 0.097147 0.126832
4 0.475883 0.348840 0.125408 0.143933
5 0.598234 0.358204 0.123370 0.159813
4 0.700068 0.370725 0.078397 0.131515
4 0.773777 0.369910 0.060598 0.111156
4 0.342663 0.672231 0.063859 0.114414
4 0.415829 0.666735 0.072147 0.131515
4 0.488451 0.666735 0.075272 0.128257
4 0.558967 0.678542 0.067935 0.120521
4 0.629552 0.677728 0.077310 0.116042
4 0.695380 0.678441 0.054348 0.117467
0 0.517799 0.405232 0.570652 0.266083
1 0.516644 0.619809 0.418071 0.250611
