5 0.297758 0.400550 0.065897 0.125204
5 0.378193 0.403603 0.090897 0.125204
6 0.485870 0.419279 0.122283 0.147191
6 0.608628 0.412256 0.125408 0.120521
6 0.718954 0.408286 0.097147 0.128461
6 0.798913 0.397394 0.062772 0.112785
6 0.336413 0.734019 0.099185 0.128461
6 0.425272 0.734833 0.086685 0.117467
4 0.503601 0.748982 0.072147 0.111156
4 0.578872 0.756006 0.074321 0.112581
5 0.658832 0.762215 0.079348 0.112785
5 0.739810 0.774023 0.086685 0.114414
0 0.547554 0.478013 0.569565 0.283388
1 0.534443 0.686279 0.497418 0.292752
