5 0.298234 0.398107 0.094022 0.108103
5 0.389674 0.411441 0.086685 0.131515
5 0.500000 0.420094 0.127446 0.148819
5 0.617052 0.420195 0.104484 0.142508
5 0.708967 0.423962 0.073098 0.128461
5 0.776427 0.418465 0.072147 0.126832
5 0.333288 0.733306 0.097283 0.145765
5 0.422147 0.748168 0.082609 0.131515
5 0.498913 0.764556 0.073098 0.148819
5 0.570516 0.770053 0.080435 0.137826
6 0.647351 0.774023 0.085734 0.142508
5 0.723098 0.773208 0.072011 0.134772
0 0.531318 0.489007 0.564266 0.296010
1 0.522962 0.702769 0.472283 0.294381
