5 0.300883 0.384874 0.113995 0.119096
5 0.390761 0.382533 0.061685 0.114414
4 0.481658 0.366857 0.122283 0.107899
4 0.601902 0.366042 0.122283 0.118893
4 0.709035 0.373066 0.091984 0.117467
4 0.792595 0.389556 0.066984 0.143933
4 0.334851 0.706637 0.091984 0.114414
4 0.423709 0.712948 0.085734 0.123779
4 0.500000 0.719259 0.081522 0.129886
4 0.587228 0.723941 0.088859 0.120521
4 0.666712 0.717630 0.082609 0.107899
4 0.747690 0.724654 0.081522 0.109731
0 0.532405 0.454601 0.581114 0.305375
1 0.539130 0.637826 0.502717 0.296010
