6 0.261685 0.357492 0.096196 0.129886
6 0.363043 0.344870 0.106522 0.151873
5 0.471739 0.359833 0.112772 0.159813
4 0.588791 0.365228 0.125408 0.164495
4 0.703261 0.383347 0.099185 0.150244
4 0.793139 0.379377 0.074321 0.136197
4 0.305095 0.680069 0.084647 0.167549
4 0.386617 0.691775 0.084647 0.150244
4 0.467527 0.737174 0.081522 0.144137
4 0.552242 0.736462 0.091984 0.136197
4 0.635870 0.726995 0.075272 0.151873
4 0.717867 0.706637 0.086821 0.151873
0 0.522486 0.419381 0.615625 0.325733
1 0.511481 0.644849 0.499592 0.322679
