6 0.608152 0.402077 0.099185 0.103420
6 0.503668 0.391083 0.099185 0.103420
5 0.400272 0.394137 0.099185 0.103420
5 0.305163 0.355049 0.099185 0.103420
5 0.693342 0.405945 0.079348 0.095684
5 0.781114 0.399837 0.079348 0.095684
5 0.751902 0.703787 0.079348 0.095684
4 0.666168 0.716409 0.079348 0.095684
5 0.596332 0.697476 0.079348 0.095684
5 0.515761 0.705212 0.079348 0.095684
5 0.457201 0.703583 0.079348 0.095684
5 0.366168 0.676914 0.079348 0.095684
0 0.537568 0.448290 0.568614 0.292752
1 0.560598 0.646376 0.466033 0.263029
