6 0.638451 0.386401 0.122283 0.109528
6 0.515082 0.370725 0.128533 0.112785
5 0.398098 0.359019 0.107609 0.108103
5 0.745584 0.412968 0.085734 0.097109
5 0.833424 0.413884 0.087772 0.114414
5 0.294565 0.341002 0.101359 0.112785
5 0.435122 0.743485 0.091984 0.118893
5 0.343682 0.742671 0.099321 0.142508
6 0.523981 0.745012 0.085734 0.119096
6 0.603397 0.762317 0.075272 0.115839
4 0.679212 0.762317 0.076359 0.128461
5 0.765965 0.762317 0.088723 0.119096
1 0.555367 0.672231 0.518342 0.308632
0 0.561617 0.444422 0.633288 0.316368
