4 0.568954 0.428746 0.115082 0.090798
4 0.454959 0.422435 0.115082 0.090798
5 0.666644 0.435770 0.076223 0.076751
5 0.272622 0.448188 0.076223 0.076751
5 0.748166 0.448188 0.076223 0.076751
5 0.346807 0.442081 0.076223 0.076751
5 0.371807 0.764760 0.076223 0.076751
5 0.289198 0.768017 0.076223 0.076751
5 0.729280 0.768017 0.076223 0.076751
6 0.618614 0.788070 0.095109 0.111156
6 0.529755 0.778502 0.095109 0.111156
6 0.452310 0.776873 0.095109 0.111156
1 0.513587 0.722313 0.510054 0.255293
0 0.509918 0.500000 0.548641 0.264658
