6 0.616372 0.401262 0.120245 0.107899
6 0.485666 0.385586 0.120245 0.107899
6 0.365421 0.376221 0.120245 0.107899
5 0.728193 0.408998 0.120245 0.107899
5 0.829552 0.412052 0.120245 0.107899
5 0.275611 0.358917 0.120245 0.107899
5 0.313247 0.753461 0.120245 0.107899
5 0.411209 0.770765 0.081658 0.086319
6 0.491644 0.769137 0.081658 0.086319
6 0.573166 0.781555 0.081658 0.086319
6 0.654687 0.778298 0.081658 0.086319
5 0.738247 0.792549 0.081658 0.086319
1 0.516168 0.678542 0.523641 0.317997
0 0.554348 0.461523 0.673098 0.316368
