4 0.298234 0.388029 0.087772 0.122150
4 0.383967 0.393526 0.087772 0.133143
4 0.492663 0.407573 0.131793 0.151873
4 0.624321 0.405232 0.123370 0.131718
4 0.727310 0.395053 0.086685 0.108103
4 0.803057 0.381718 0.064810 0.112785
5 0.345788 0.661238 0.082609 0.155130
5 0.427853 0.682410 0.083696 0.184853
5 0.512500 0.705110 0.089946 0.152077
5 0.599253 0.703583 0.087908 0.145765
5 0.679212 0.695745 0.076359 0.126832
5 0.755978 0.694116 0.075272 0.130090
0 0.547011 0.466307 0.591576 0.288070
1 0.547486 0.640879 0.492255 0.283388
