6 0.411141 0.392915 0.094022 0.103420
6 0.313995 0.344463 0.094022 0.103420
5 0.520924 0.416531 0.094022 0.103420
5 0.630571 0.438518 0.094022 0.103420
5 0.729891 0.450936 0.094022 0.103420
6 0.828125 0.435261 0.094022 0.103420
6 0.594022 0.762622 0.094022 0.103420
6 0.507337 0.757940 0.094022 0.103420
6 0.418614 0.750000 0.094022 0.103420
5 0.331793 0.742264 0.094022 0.103420
5 0.678668 0.768933 0.094022 0.103420
5 0.751834 0.777280 0.046060 0.114007
1 0.532337 0.708265 0.476630 0.286645
0 0.569973 0.471702 0.604076 0.355456
