5 0.309239 0.407573 0.074185 0.107899
5 0.387092 0.418567 0.083696 0.133143
5 0.488995 0.428644 0.109783 0.147191
5 0.604008 0.440452 0.111821 0.145562
5 0.704280 0.442081 0.082473 0.136197
5 0.785258 0.450631 0.071060 0.143933
5 0.383967 0.760688 0.083696 0.143933
5 0.464946 0.761502 0.076359 0.139454
5 0.531861 0.767712 0.057473 0.129886
5 0.596128 0.784202 0.075136 0.140879
5 0.667731 0.789699 0.072147 0.133143
5 0.741984 0.789699 0.067935 0.133143
0 0.545380 0.493689 0.550815 0.283388
1 0.559035 0.711421 0.437908 0.292956
