5 0.598709 0.406759 0.122418 0.112785
5 0.476427 0.409813 0.122418 0.112785
5 0.365625 0.378766 0.092935 0.122353
5 0.281929 0.334996 0.092935 0.122353
5 0.703125 0.407064 0.092935 0.122353
5 0.778397 0.353726 0.092935 0.122353
5 0.712500 0.798555 0.092935 0.122353
5 0.638927 0.780232 0.066712 0.095480
5 0.564606 0.789597 0.066712 0.095480
5 0.490421 0.769239 0.066712 0.095480
5 0.407813 0.773921 0.066712 0.095480
5 0.340965 0.773921 0.066712 0.095480
1 0.533424 0.719971 0.449457 0.281963
0 0.532948 0.445134 0.594701 0.343037
