5 0.633696 0.367671 0.129620 0.103420
6 0.497351 0.335505 0.141168 0.111156
5 0.739946 0.395664 0.076359 0.103217
5 0.826630 0.387724 0.076359 0.103217
5 0.383560 0.334385 0.076359 0.103217
5 0.295788 0.315656 0.076359 0.103217
5 0.360598 0.685159 0.076359 0.103217
6 0.434783 0.699206 0.076359 0.103217
6 0.526766 0.719564 0.076359 0.103217
6 0.612364 0.743180 0.076359 0.103217
5 0.694973 0.746437 0.076359 0.103217
5 0.773370 0.749695 0.076359 0.103217
1 0.567323 0.651873 0.492255 0.308632
0 0.559511 0.424776 0.604076 0.317793
