5 0.603940 0.377036 0.113859 0.125407
4 0.491033 0.370725 0.113859 0.125407
6 0.712636 0.386401 0.092935 0.128257
5 0.806658 0.386401 0.092935 0.128257
6 0.380299 0.366042 0.092935 0.128257
6 0.294565 0.358306 0.092935 0.128257
5 0.292527 0.356881 0.092935 0.128257
6 0.506793 0.734324 0.092935 0.128257
5 0.588859 0.728013 0.070924 0.096906
5 0.407473 0.743689 0.092935 0.128257
5 0.656793 0.740635 0.070924 0.096906
5 0.733016 0.728013 0.070924 0.096906
5 0.326495 0.728013 0.070924 0.096906
1 0.526630 0.665208 0.473370 0.266083
0 0.549592 0.436584 0.613587 0.297435
