6 0.752310 0.328583 0.074185 0.090798
6 0.670788 0.400651 0.074185 0.090798
6 0.577649 0.455517 0.091168 0.112581
6 0.459579 0.443099 0.091168 0.112581
6 0.342595 0.446152 0.091168 0.112581
5 0.249660 0.760077 0.099321 0.095480
5 0.240285 0.382634 0.099321 0.095480
4 0.350068 0.789800 0.099321 0.095480
5 0.434171 0.817081 0.077310 0.109731
5 0.516780 0.820134 0.077310 0.109731
5 0.593139 0.832757 0.077310 0.109731
5 0.666372 0.826445 0.077310 0.109731
1 0.455027 0.737989 0.505978 0.299267
0 0.489538 0.470989 0.606250 0.378868
