4 0.617527 0.453787 0.122283 0.112785
6 0.391236 0.416124 0.085734 0.103420
5 0.504755 0.430171 0.122283 0.112785
5 0.722554 0.498371 0.087772 0.105049
5 0.796875 0.495318 0.087772 0.105049
5 0.297283 0.388844 0.087772 0.105049
5 0.424864 0.852402 0.087772 0.105049
5 0.329755 0.821050 0.087772 0.105049
5 0.727989 0.890065 0.087772 0.105049
5 0.636005 0.872964 0.087772 0.105049
5 0.570109 0.863599 0.087772 0.105049
5 0.505299 0.857492 0.087772 0.105049
1 0.539742 0.792854 0.478668 0.311686
0 0.549660 0.505497 0.588451 0.347720
