5 0.574185 0.310362 0.121196 0.114210
5 0.451902 0.311991 0.121196 0.114210
5 0.673505 0.338151 0.081522 0.090798
5 0.350543 0.300692 0.081522 0.090798
4 0.270109 0.275651 0.081522 0.090798
4 0.760190 0.346295 0.081522 0.090798
5 0.696467 0.761401 0.081522 0.090798
5 0.612908 0.744096 0.081522 0.090798
5 0.536549 0.737989 0.081522 0.090798
5 0.466576 0.734731 0.081522 0.090798
6 0.394429 0.723941 0.081522 0.090798
6 0.309783 0.730252 0.081522 0.090798
1 0.505231 0.646376 0.472418 0.316368
0 0.513519 0.402178 0.572690 0.350774
