5 0.626970 0.438111 0.138995 0.137622
5 0.498302 0.425489 0.138995 0.137622
5 0.382405 0.409100 0.086821 0.095480
5 0.292459 0.398107 0.086821 0.095480
5 0.740829 0.437195 0.086821 0.095480
5 0.835938 0.429255 0.086821 0.095480
5 0.743003 0.764353 0.086821 0.095480
5 0.653057 0.772089 0.086821 0.095480
6 0.572486 0.761095 0.086821 0.095480
5 0.487840 0.762724 0.086821 0.095480
6 0.424117 0.772089 0.086821 0.095480
6 0.337296 0.754988 0.086821 0.095480
1 0.540693 0.695745 0.493342 0.252239
0 0.564266 0.485138 0.632337 0.272394
