5 0.448777 0.449104 0.133696 0.134772
5 0.590897 0.463864 0.125543 0.126832
5 0.701155 0.469463 0.093071 0.100163
5 0.329144 0.428746 0.093071 0.100163
5 0.796399 0.458469 0.093071 0.100163
5 0.231046 0.392712 0.093071 0.100163
5 0.464198 0.798249 0.093071 0.100163
5 0.562432 0.821865 0.093071 0.100163
5 0.630367 0.843852 0.093071 0.100163
5 0.720177 0.850163 0.093071 0.100163
5 0.405639 0.801710 0.093071 0.100163
6 0.302106 0.800081 0.093071 0.100163
1 0.517188 0.748982 0.504755 0.308632
0 0.512500 0.497557 0.658424 0.316368
