4 0.593478 0.383347 0.116033 0.094055
4 0.466984 0.378664 0.116033 0.094055
4 0.689130 0.377036 0.081522 0.090798
4 0.766440 0.378664 0.081522 0.090798
5 0.358832 0.370928 0.081522 0.090798
5 0.273098 0.359935 0.081522 0.090798
5 0.388995 0.696458 0.081522 0.090798
5 0.462092 0.702769 0.081522 0.090798
5 0.536277 0.704397 0.081522 0.090798
4 0.618886 0.701344 0.081522 0.090798
4 0.695109 0.695033 0.081522 0.090798
4 0.306250 0.684039 0.081522 0.090798
1 0.501019 0.628461 0.470245 0.233306
0 0.520380 0.443607 0.575815 0.261401
