4 0.598777 0.442081 0.109783 0.108103
4 0.485870 0.429458 0.109783 0.108103
4 0.688587 0.447374 0.067935 0.100366
4 0.761685 0.474043 0.067935 0.100366
4 0.385462 0.428644 0.067935 0.100366
4 0.314402 0.427219 0.067935 0.100366
5 0.333288 0.784304 0.067935 0.100366
5 0.664674 0.795297 0.067935 0.100366
5 0.586277 0.792243 0.067935 0.100366
5 0.412772 0.782879 0.067935 0.100366
4 0.475543 0.779621 0.067935 0.100366
4 0.532065 0.792243 0.067935 0.100366
1 0.498370 0.719157 0.400272 0.267712
0 0.535530 0.513335 0.518342 0.278705
