6 0.294633 0.453787 0.072147 0.109528
6 0.375611 0.449817 0.091984 0.136197
6 0.485870 0.460810 0.124457 0.145562
6 0.615965 0.477300 0.123234 0.137826
6 0.724185 0.480354 0.086685 0.119096
6 0.809851 0.477300 0.086821 0.115839
5 0.353668 0.759161 0.087772 0.140879
5 0.437840 0.776364 0.084647 0.134568
4 0.521399 0.788884 0.078397 0.118893
4 0.596128 0.790411 0.075136 0.119096
4 0.673981 0.794381 0.088723 0.114414
4 0.758628 0.810057 0.080571 0.145765
0 0.553804 0.511706 0.592663 0.294585
1 0.555842 0.728624 0.490217 0.324104
