4 0.587772 0.326140 0.131793 0.120521
4 0.456114 0.324715 0.131793 0.120521
5 0.333832 0.336319 0.096196 0.090798
5 0.248234 0.331637 0.096196 0.090798
4 0.700679 0.331637 0.096196 0.090798
4 0.789402 0.341205 0.096196 0.090798
4 0.681793 0.690350 0.096196 0.090798
4 0.583560 0.698290 0.096196 0.090798
4 0.428397 0.684039 0.074185 0.093648
4 0.502582 0.704397 0.063859 0.103420
5 0.347894 0.676914 0.082473 0.111156
5 0.266372 0.672231 0.082473 0.111156
1 0.479076 0.611156 0.501630 0.280130
0 0.519293 0.402077 0.636413 0.291124
