6 0.590897 0.323086 0.110870 0.111156
5 0.477038 0.313518 0.110870 0.111156
5 0.376223 0.283897 0.088859 0.098738
5 0.680435 0.305680 0.088859 0.098738
5 0.773505 0.263335 0.088859 0.098738
5 0.285326 0.228929 0.088859 0.098738
5 0.271739 0.650143 0.088859 0.098738
5 0.417120 0.676608 0.088859 0.098738
6 0.348098 0.667243 0.088859 0.098738
6 0.560326 0.709385 0.088859 0.098738
6 0.656522 0.709385 0.088859 0.098738
5 0.488179 0.696967 0.088859 0.098738
1 0.467527 0.611156 0.476630 0.302117
0 0.530299 0.351995 0.579076 0.344463
