5 0.614946 0.249389 0.135870 0.111156
4 0.475340 0.236156 0.124321 0.112785
4 0.367188 0.269646 0.089810 0.098738
4 0.287704 0.275957 0.089810 0.098738
5 0.723098 0.260383 0.080435 0.107899
5 0.804620 0.283998 0.080435 0.107899
5 0.452446 0.627036 0.080435 0.107899
5 0.530842 0.636401 0.080435 0.107899
5 0.607065 0.630090 0.080435 0.107899
5 0.686549 0.634772 0.080435 0.107899
4 0.360938 0.633042 0.089810 0.098738
4 0.776834 0.647089 0.089810 0.098738
1 0.572079 0.575122 0.508016 0.277280
0 0.543342 0.330924 0.607337 0.289699
