5 0.598166 0.271376 0.125408 0.129886
6 0.479008 0.268322 0.125408 0.129886
5 0.705842 0.308836 0.087772 0.092427
5 0.372418 0.282166 0.087772 0.092427
6 0.287772 0.282166 0.087772 0.092427
5 0.789402 0.298046 0.087772 0.092427
6 0.495245 0.657370 0.082609 0.109528
6 0.565353 0.655741 0.082609 0.109528
6 0.634851 0.671519 0.068886 0.087744
6 0.418546 0.658897 0.068886 0.087744
5 0.709511 0.698086 0.080435 0.116042
5 0.343207 0.666022 0.075272 0.104845
1 0.526155 0.626832 0.445245 0.283388
0 0.541236 0.376323 0.596875 0.321050
