6 0.574660 0.376221 0.120245 0.092427
6 0.456454 0.363599 0.120245 0.092427
5 0.355774 0.370827 0.083560 0.087744
6 0.276291 0.364515 0.083560 0.087744
5 0.676562 0.383245 0.083560 0.087744
5 0.747622 0.378563 0.083560 0.087744
5 0.713111 0.691877 0.083560 0.087744
5 0.297079 0.677830 0.083560 0.087744
6 0.389198 0.677626 0.083560 0.087744
6 0.475883 0.701242 0.083560 0.087744
6 0.553193 0.712235 0.083560 0.087744
6 0.634715 0.708978 0.083560 0.087744
1 0.504144 0.629988 0.505842 0.252239
0 0.509375 0.451445 0.551902 0.258347
