6 0.588315 0.411441 0.130707 0.134772
6 0.464538 0.401262 0.108696 0.117671
6 0.363587 0.409914 0.095109 0.100366
6 0.699592 0.427117 0.091848 0.103420
5 0.782201 0.428542 0.091848 0.103420
5 0.269022 0.401873 0.091848 0.103420
6 0.408492 0.730151 0.072147 0.092630
5 0.694293 0.780741 0.091848 0.103420
5 0.319158 0.755700 0.091848 0.103420
6 0.545448 0.769239 0.072147 0.092630
6 0.472215 0.769239 0.072147 0.092630
6 0.617595 0.772292 0.072147 0.092630
1 0.504687 0.709792 0.467255 0.245725
0 0.527174 0.474145 0.604076 0.281759
