5 0.598709 0.427117 0.126495 0.100163
5 0.706318 0.435057 0.093071 0.103420
4 0.467052 0.424878 0.126495 0.101792
5 0.353057 0.400651 0.093071 0.103420
4 0.260598 0.401364 0.085598 0.101588
4 0.797962 0.442081 0.085598 0.101588
4 0.475000 0.785118 0.085598 0.101588
5 0.724117 0.800081 0.093071 0.103420
4 0.627582 0.808530 0.085598 0.101588
4 0.548234 0.802219 0.085598 0.101588
5 0.395992 0.776466 0.093071 0.103420
5 0.302921 0.764047 0.093071 0.103420
1 0.511413 0.711421 0.516304 0.311686
0 0.526630 0.497659 0.623913 0.297435
