5 0.576223 0.389556 0.123370 0.103217
6 0.450815 0.369198 0.123370 0.103217
6 0.333220 0.385688 0.084647 0.089373
6 0.363043 0.705924 0.060598 0.084487
6 0.430978 0.701242 0.060598 0.084487
6 0.295109 0.759263 0.060598 0.084487
6 0.509375 0.734222 0.060598 0.084487
6 0.579348 0.738905 0.060598 0.084487
5 0.654687 0.777178 0.079484 0.120725
5 0.677785 0.396478 0.079484 0.120725
5 0.761345 0.396478 0.079484 0.120725
5 0.248302 0.355761 0.079484 0.120725
0 0.503057 0.435770 0.593614 0.292956
1 0.481658 0.694116 0.433696 0.299064
