5 0.575747 0.397394 0.118071 0.125407
5 0.460802 0.386401 0.118071 0.125407
5 0.281046 0.344971 0.076223 0.101995
5 0.360394 0.362072 0.076223 0.101995
5 0.685394 0.401160 0.076223 0.101995
4 0.360394 0.362072 0.076223 0.101995
4 0.768003 0.412154 0.076223 0.101995
5 0.718954 0.745623 0.076223 0.101995
5 0.631182 0.726893 0.076223 0.101995
5 0.564334 0.728318 0.076223 0.101995
5 0.501698 0.720582 0.076223 0.101995
5 0.435802 0.715900 0.076223 0.101995
5 0.356454 0.722211 0.076223 0.101995
0 0.524524 0.438111 0.569701 0.288274
1 0.538587 0.669178 0.441033 0.274023
