5 0.576291 0.348840 0.127582 0.103217
5 0.447758 0.331739 0.127582 0.103217
5 0.334783 0.340391 0.091848 0.095277
5 0.459239 0.716205 0.091848 0.095277
5 0.688111 0.351995 0.083560 0.103420
4 0.780095 0.366857 0.073234 0.092427
4 0.235666 0.351181 0.073234 0.092427
5 0.556386 0.716205 0.091848 0.095277
5 0.651495 0.706840 0.091848 0.095277
5 0.361957 0.722516 0.091848 0.095277
5 0.273234 0.717834 0.091848 0.095277
5 0.750951 0.710098 0.091848 0.095277
1 0.513043 0.644035 0.571739 0.233510
0 0.508356 0.418567 0.616712 0.274023
