5 0.565285 0.306596 0.124321 0.118893
5 0.461889 0.286238 0.124321 0.118893
5 0.328193 0.267508 0.124321 0.118893
6 0.655231 0.378766 0.067799 0.090594
6 0.745177 0.292752 0.124321 0.118893
4 0.229823 0.251730 0.078397 0.115839
6 0.598845 0.734222 0.067799 0.090594
6 0.533084 0.715493 0.067799 0.090594
5 0.463111 0.704499 0.067799 0.090594
5 0.400476 0.702871 0.067799 0.090594
5 0.300883 0.741857 0.124321 0.118893
5 0.691780 0.770155 0.124321 0.118893
1 0.497351 0.669076 0.515353 0.330415
0 0.504144 0.371539 0.627038 0.364821
