5 0.583560 0.329194 0.129620 0.111156
6 0.462228 0.324511 0.129620 0.111156
5 0.345788 0.337846 0.095109 0.119096
5 0.261209 0.315961 0.078397 0.103420
5 0.687568 0.345684 0.078397 0.103420
5 0.775340 0.326954 0.078397 0.103420
5 0.326970 0.721498 0.078397 0.103420
5 0.734579 0.726181 0.078397 0.103420
6 0.653057 0.704194 0.078397 0.103420
6 0.420992 0.705822 0.078397 0.103420
6 0.572486 0.708876 0.078397 0.103420
5 0.501427 0.710505 0.078397 0.103420
1 0.530842 0.661238 0.488043 0.252036
0 0.520312 0.396682 0.594701 0.321050
