6 0.292527 0.354336 0.086685 0.104845
6 0.379348 0.346600 0.086685 0.104845
6 0.495856 0.357492 0.125408 0.139251
5 0.631658 0.344157 0.112772 0.106474
5 0.741304 0.340900 0.112772 0.106474
5 0.850951 0.332960 0.112772 0.106474
6 0.493139 0.687195 0.093071 0.106474
6 0.401766 0.719157 0.087772 0.108103
5 0.579348 0.680069 0.075272 0.092223
5 0.653533 0.678644 0.075272 0.092223
5 0.731929 0.683327 0.075272 0.092223
4 0.812364 0.705314 0.075272 0.092223
1 0.604959 0.655029 0.492255 0.236360
0 0.574185 0.427117 0.652174 0.266287
