5 0.572079 0.377850 0.123234 0.120521
5 0.444633 0.365228 0.123234 0.120521
4 0.677582 0.402891 0.081522 0.095684
4 0.763315 0.401262 0.081522 0.095684
4 0.344293 0.362174 0.081522 0.095684
4 0.265897 0.343241 0.081522 0.095684
4 0.701766 0.703379 0.081522 0.095684
4 0.297283 0.678135 0.081522 0.095684
5 0.375611 0.690248 0.062636 0.103217
5 0.450747 0.704296 0.062636 0.103217
5 0.529144 0.707349 0.062636 0.103217
5 0.613791 0.710403 0.062636 0.103217
1 0.499457 0.642406 0.490217 0.248982
0 0.518274 0.441979 0.582201 0.296010
