6 0.557473 0.366857 0.108696 0.105049
6 0.446739 0.371539 0.108696 0.105049
5 0.333220 0.372964 0.084647 0.098534
5 0.668274 0.398921 0.091984 0.106474
4 0.751359 0.415411 0.067935 0.089373
5 0.246467 0.392712 0.074185 0.081433
5 0.525611 0.716816 0.072147 0.100163
5 0.449389 0.715187 0.072147 0.100163
5 0.601970 0.726181 0.072147 0.100163
5 0.706590 0.787256 0.072147 0.100163
4 0.367731 0.729336 0.084647 0.125204
4 0.282609 0.737989 0.075272 0.114414
1 0.495245 0.684752 0.500543 0.324308
0 0.500000 0.468648 0.583152 0.296010
