6 0.560054 0.377138 0.124457 0.112581
6 0.680231 0.453787 0.103397 0.122150
6 0.779620 0.434243 0.088859 0.142508
6 0.434647 0.362989 0.122283 0.122150
6 0.301902 0.354336 0.134783 0.136197
6 0.208899 0.443506 0.063723 0.086116
6 0.529280 0.782675 0.085734 0.128461
6 0.612840 0.793465 0.085734 0.128461
6 0.444633 0.784100 0.085734 0.128461
5 0.704823 0.868587 0.085734 0.128461
5 0.360938 0.787154 0.085734 0.128461
5 0.278329 0.794890 0.085734 0.128461
1 0.493682 0.740330 0.514266 0.388233
0 0.501019 0.449002 0.656386 0.341409
