6 0.632677 0.434141 0.131658 0.136197
6 0.508356 0.390167 0.131658 0.136197
6 0.735122 0.459283 0.066984 0.120521
6 0.691236 0.860138 0.066984 0.120521
6 0.613927 0.861767 0.066984 0.120521
6 0.528804 0.843037 0.080707 0.129886
6 0.432609 0.832044 0.080707 0.129886
5 0.776427 0.874186 0.097147 0.120521
5 0.337432 0.822476 0.097147 0.120521
5 0.388655 0.427932 0.097147 0.120521
6 0.302038 0.423249 0.080707 0.129886
6 0.835530 0.447985 0.131658 0.136197
0 0.580435 0.474043 0.637500 0.382125
1 0.558967 0.777891 0.536141 0.335098
