6 0.631182 0.372353 0.132745 0.140879
6 0.503601 0.351995 0.132745 0.140879
6 0.314946 0.350468 0.096196 0.115839
6 0.399592 0.367569 0.096196 0.115839
6 0.746467 0.422537 0.096196 0.115839
5 0.812976 0.445949 0.063723 0.097109
6 0.427853 0.723840 0.085598 0.126832
6 0.336957 0.737887 0.085598 0.126832
6 0.515625 0.741144 0.085598 0.126832
6 0.668207 0.759874 0.085598 0.126832
6 0.597011 0.751934 0.085598 0.126832
6 0.756929 0.794076 0.085598 0.126832
1 0.545448 0.702769 0.511005 0.335098
0 0.556386 0.428746 0.583152 0.303746
