6 0.500000 0.325326 0.129620 0.125407
5 0.386073 0.299572 0.100408 0.104845
6 0.690217 0.328481 0.096196 0.128461
6 0.606522 0.329906 0.096196 0.128461
5 0.295177 0.285322 0.100408 0.104845
5 0.791644 0.322985 0.100408 0.104845
5 0.494769 0.695643 0.079484 0.111156
5 0.426834 0.683021 0.079484 0.111156
5 0.341236 0.667345 0.079484 0.111156
5 0.576291 0.701751 0.079484 0.111156
5 0.669226 0.692182 0.079484 0.111156
5 0.749660 0.660831 0.079484 0.111156
1 0.545992 0.618180 0.484918 0.278705
0 0.534986 0.381718 0.577853 0.297638
