5 0.570516 0.382533 0.124457 0.105049
5 0.454484 0.379479 0.124457 0.105049
5 0.333288 0.373880 0.103533 0.109731
6 0.240761 0.366857 0.081522 0.098534
6 0.679755 0.409100 0.089946 0.117467
6 0.771196 0.395053 0.080435 0.132940
5 0.332745 0.719259 0.085598 0.114414
5 0.404891 0.727199 0.085598 0.114414
5 0.481250 0.728827 0.085598 0.114414
5 0.555435 0.738192 0.085598 0.114414
5 0.623370 0.733510 0.085598 0.114414
5 0.708967 0.732085 0.085598 0.114414
1 0.521399 0.666735 0.458832 0.272394
0 0.505707 0.456128 0.617663 0.270969
