5 0.609171 0.409202 0.132745 0.123779
5 0.480639 0.390472 0.132745 0.123779
5 0.371399 0.379377 0.089810 0.104845
5 0.722554 0.419279 0.087772 0.109731
5 0.296671 0.351181 0.059647 0.101792
5 0.793614 0.416226 0.087772 0.109731
4 0.569497 0.764658 0.084647 0.101792
4 0.484851 0.750611 0.084647 0.101792
4 0.414878 0.731881 0.084647 0.101792
5 0.654144 0.766999 0.082473 0.109731
5 0.740353 0.754377 0.089946 0.115839
5 0.325408 0.699613 0.089946 0.115839
1 0.535530 0.676201 0.505842 0.288070
0 0.553736 0.455314 0.573777 0.310057
