5 0.630027 0.347516 0.126359 0.122150
5 0.508288 0.335607 0.104348 0.120318
6 0.746060 0.380191 0.095109 0.106474
5 0.409103 0.344971 0.089946 0.089373
5 0.318207 0.343546 0.089946 0.089373
6 0.840217 0.386502 0.095109 0.106474
6 0.444158 0.682512 0.095109 0.106474
5 0.529212 0.716307 0.089946 0.089373
6 0.616576 0.729336 0.095109 0.106474
5 0.704891 0.726893 0.089946 0.089373
5 0.795924 0.726893 0.089946 0.089373
5 0.347554 0.712846 0.089946 0.089373
1 0.573641 0.631515 0.529891 0.286645
0 0.582541 0.419279 0.616712 0.278705
