6 0.657269 0.385688 0.143071 0.114210
6 0.517188 0.359019 0.143071 0.114210
6 0.400136 0.366857 0.095109 0.101792
5 0.773845 0.377036 0.085734 0.103420
6 0.319701 0.332248 0.095109 0.101792
5 0.862704 0.369300 0.085734 0.103420
5 0.782133 0.684039 0.085734 0.103420
5 0.690149 0.679357 0.085734 0.103420
5 0.600204 0.674674 0.085734 0.103420
5 0.520856 0.662256 0.085734 0.103420
5 0.448709 0.652891 0.085734 0.103420
5 0.352514 0.640269 0.085734 0.103420
1 0.572554 0.608001 0.508967 0.261604
0 0.588791 0.428746 0.633288 0.297638
