6 0.472826 0.352606 0.123370 0.105049
6 0.365149 0.394239 0.089810 0.087744
6 0.706929 0.359019 0.102446 0.123575
5 0.601359 0.361360 0.114946 0.103420
5 0.274796 0.367671 0.101495 0.087541
5 0.801495 0.381006 0.084783 0.104845
5 0.516712 0.745012 0.079348 0.097109
5 0.440353 0.741958 0.079348 0.097109
6 0.357880 0.745012 0.079348 0.097109
5 0.598234 0.757634 0.079348 0.097109
5 0.705978 0.768628 0.079348 0.097109
5 0.285870 0.749695 0.079348 0.097109
1 0.498370 0.687093 0.494293 0.275651
0 0.535530 0.427219 0.622962 0.278705
