4 0.608696 0.315961 0.144293 0.122150
5 0.461277 0.297944 0.156793 0.132940
5 0.724117 0.323086 0.084647 0.092427
5 0.798370 0.330822 0.061685 0.114414
6 0.345788 0.304153 0.074185 0.111156
6 0.274728 0.306596 0.070109 0.094055
6 0.541304 0.720786 0.088859 0.104845
6 0.402310 0.739719 0.088859 0.104845
6 0.467595 0.697272 0.071060 0.095684
5 0.634307 0.735647 0.099321 0.112581
5 0.733016 0.740330 0.087772 0.143933
6 0.314946 0.702769 0.073098 0.125407
1 0.531793 0.662765 0.502717 0.321050
0 0.536549 0.396580 0.589402 0.327362
