4 0.595109 0.445236 0.129620 0.092427
4 0.463315 0.435871 0.129620 0.092427
4 0.801495 0.394442 0.082609 0.099959
5 0.714198 0.431901 0.100408 0.106474
4 0.352038 0.439841 0.082609 0.099959
4 0.271467 0.432105 0.082609 0.099959
5 0.671264 0.815452 0.100408 0.106474
4 0.317527 0.823595 0.082609 0.099959
4 0.402174 0.840900 0.082609 0.099959
4 0.483696 0.844157 0.082609 0.099959
4 0.571467 0.847211 0.082609 0.099959
4 0.765897 0.795501 0.082609 0.099959
0 0.537568 0.498473 0.614538 0.330415
1 0.543886 0.748270 0.537228 0.269340
