5 0.607133 0.386502 0.124321 0.128461
4 0.473302 0.377850 0.134918 0.123779
5 0.715829 0.411441 0.093071 0.090798
5 0.374592 0.388029 0.071196 0.094055
5 0.307745 0.388029 0.071196 0.094055
5 0.800000 0.411441 0.071196 0.094055
5 0.715829 0.805375 0.084647 0.092427
5 0.647894 0.799064 0.084647 0.092427
5 0.581046 0.788070 0.084647 0.092427
5 0.505774 0.805375 0.084647 0.092427
6 0.430503 0.799064 0.084647 0.092427
5 0.365829 0.800692 0.084647 0.092427
1 0.543342 0.724654 0.433696 0.259976
0 0.552717 0.451445 0.563315 0.283591
