6 0.532337 0.381718 0.127446 0.128257
6 0.409103 0.375407 0.127446 0.128257
6 0.642595 0.392712 0.097147 0.100163
5 0.308696 0.370725 0.077446 0.094055
5 0.732541 0.376221 0.078397 0.092427
5 0.809851 0.366857 0.061549 0.083062
4 0.525611 0.676914 0.090897 0.114414
5 0.612296 0.671519 0.084647 0.115839
5 0.695992 0.679255 0.084647 0.115839
5 0.449253 0.690045 0.084647 0.115839
5 0.364606 0.683937 0.084647 0.115839
5 0.292459 0.655639 0.084647 0.115839
1 0.495245 0.630700 0.490217 0.244300
0 0.554823 0.427932 0.575951 0.252036
