5 0.571060 0.341816 0.108696 0.107899
5 0.463451 0.338559 0.108696 0.107899
5 0.669293 0.347211 0.079348 0.087744
5 0.747690 0.322170 0.079348 0.087744
4 0.369429 0.317488 0.079348 0.087744
4 0.282745 0.303441 0.079348 0.087744
5 0.542935 0.688823 0.079348 0.087744
5 0.621467 0.734019 0.079348 0.087744
5 0.708152 0.702667 0.079348 0.087744
5 0.461413 0.693302 0.079348 0.087744
5 0.391304 0.685566 0.079348 0.087744
5 0.308696 0.668261 0.079348 0.087744
1 0.508356 0.626832 0.472418 0.314739
0 0.516168 0.383347 0.542391 0.244300
