6 0.278872 0.413070 0.090897 0.122150
6 0.363043 0.413884 0.081522 0.114414
6 0.467052 0.412357 0.128668 0.117467
5 0.589878 0.412256 0.119158 0.139251
5 0.687024 0.417752 0.079484 0.128257
5 0.760190 0.438111 0.069022 0.109528
4 0.496807 0.753664 0.085734 0.092427
4 0.574117 0.744910 0.064810 0.081433
5 0.641033 0.755191 0.066848 0.104845
5 0.420041 0.759976 0.069973 0.092427
4 0.346875 0.772394 0.076359 0.101792
4 0.704348 0.759772 0.059511 0.105049
0 0.514062 0.478115 0.561277 0.270969
1 0.521875 0.714577 0.428533 0.223941
