6 0.314470 0.278400 0.072147 0.134568
5 0.394905 0.282268 0.090897 0.123575
5 0.498370 0.288579 0.116033 0.136197
5 0.611753 0.289393 0.112908 0.137826
5 0.708492 0.286238 0.082473 0.131515
5 0.785326 0.285423 0.069022 0.133143
4 0.338995 0.600977 0.073098 0.094055
4 0.414266 0.607288 0.073098 0.094055
5 0.487364 0.608917 0.073098 0.094055
5 0.562636 0.608917 0.073098 0.094055
4 0.636821 0.619910 0.073098 0.094055
4 0.711005 0.633958 0.073098 0.094055
0 0.551698 0.347313 0.550679 0.288274
1 0.522962 0.561889 0.441033 0.253664
