6 0.441984 0.394239 0.122283 0.137826
6 0.565353 0.401262 0.122283 0.133143
6 0.676087 0.371641 0.086685 0.126832
6 0.762840 0.366042 0.076223 0.131515
5 0.332201 0.391897 0.092935 0.136401
5 0.248573 0.372353 0.069973 0.153502
5 0.462296 0.750509 0.091984 0.104845
5 0.546467 0.744300 0.063859 0.105049
5 0.614402 0.734121 0.065761 0.112785
5 0.381861 0.747353 0.060734 0.111156
4 0.688111 0.725468 0.089810 0.117467
4 0.314946 0.749796 0.069022 0.109528
0 0.507337 0.451445 0.591576 0.292956
1 0.505707 0.687093 0.450543 0.244300
