4 0.678193 0.459996 0.130571 0.119096
5 0.554823 0.452260 0.130571 0.119096
4 0.444022 0.466205 0.086685 0.081433
4 0.790014 0.484324 0.076223 0.095684
5 0.365693 0.448290 0.065897 0.092427
5 0.865761 0.475672 0.069022 0.093852
6 0.785258 0.794381 0.064810 0.098534
5 0.566848 0.761502 0.066848 0.095480
5 0.634783 0.773921 0.066848 0.095480
5 0.712092 0.784711 0.066848 0.095480
5 0.487364 0.775143 0.066848 0.095480
5 0.412092 0.773717 0.066848 0.095480
1 0.600340 0.722313 0.438995 0.245928
0 0.619090 0.516388 0.568614 0.247353
