6 0.453940 0.390167 0.123370 0.117467
6 0.579959 0.395867 0.126495 0.125204
6 0.683899 0.412256 0.085734 0.120521
6 0.775883 0.414597 0.098234 0.128461
6 0.347894 0.406759 0.090897 0.112785
5 0.261685 0.394340 0.075272 0.131515
5 0.304008 0.743485 0.080571 0.112785
5 0.388655 0.741857 0.080571 0.112785
5 0.469090 0.738803 0.080571 0.112785
5 0.550611 0.738803 0.080571 0.112785
5 0.636345 0.757736 0.080571 0.112785
5 0.717867 0.775041 0.080571 0.112785
0 0.527106 0.468648 0.602038 0.280130
1 0.507812 0.705924 0.496332 0.266083
