6 0.318682 0.330924 0.132745 0.167549
6 0.445109 0.330110 0.122283 0.165920
6 0.572554 0.339475 0.122283 0.165920
6 0.775272 0.261095 0.122283 0.165920
6 0.673505 0.348127 0.081522 0.183225
5 0.285190 0.693302 0.091033 0.137826
5 0.380299 0.746641 0.091033 0.137826
4 0.468071 0.751323 0.091033 0.137826
4 0.555842 0.749695 0.091033 0.137826
4 0.647826 0.755802 0.091033 0.137826
4 0.739810 0.737072 0.091033 0.137826
5 0.243410 0.389556 0.049049 0.097109
0 0.528736 0.375509 0.621875 0.422842
1 0.515693 0.667549 0.547690 0.336726
