6 0.480571 0.406759 0.122283 0.090798
5 0.605571 0.409914 0.114946 0.093852
5 0.712092 0.405130 0.087772 0.081433
6 0.373370 0.406759 0.087772 0.081433
5 0.797826 0.387826 0.087772 0.081433
5 0.291033 0.379886 0.087772 0.081433
0 0.541780 0.459996 0.593614 0.247353
5 0.513587 0.711319 0.094022 0.101792
5 0.603533 0.714577 0.094022 0.101792
5 0.684986 0.717529 0.066712 0.089373
5 0.426834 0.711421 0.066712 0.089373
5 0.346264 0.708367 0.066712 0.089373
5 0.764334 0.741348 0.066712 0.089373
1 0.557948 0.669076 0.486005 0.236360
