6 0.282541 0.427932 0.079484 0.129886
6 0.366712 0.424776 0.084783 0.117467
5 0.470177 0.412256 0.126495 0.129886
6 0.598166 0.406759 0.119158 0.134772
6 0.705842 0.421722 0.089946 0.145562
4 0.782677 0.446661 0.061549 0.133143
5 0.495245 0.760688 0.076359 0.100366
5 0.576766 0.754377 0.076359 0.100366
5 0.654212 0.751120 0.076359 0.100366
5 0.419022 0.760688 0.076359 0.100366
5 0.339538 0.759059 0.076359 0.100366
4 0.731522 0.752748 0.076359 0.100366
0 0.526630 0.480456 0.569565 0.294381
1 0.535462 0.692590 0.468207 0.239414
