5 0.416372 0.460810 0.119158 0.117467
6 0.531318 0.442793 0.115082 0.112785
6 0.632677 0.440452 0.085734 0.114210
6 0.315557 0.454601 0.078397 0.142508
4 0.239742 0.435057 0.071060 0.112785
5 0.714266 0.439638 0.075272 0.119096
4 0.419497 0.767712 0.066984 0.101792
4 0.490557 0.770053 0.068886 0.115839
5 0.562704 0.767814 0.077310 0.104845
5 0.641644 0.776364 0.078397 0.112581
5 0.344293 0.769340 0.075272 0.101792
4 0.266848 0.770155 0.075272 0.103420
0 0.477989 0.502341 0.543478 0.256718
1 0.455571 0.721498 0.454620 0.234935
