6 0.224049 0.337846 0.083696 0.128461
6 0.307677 0.326853 0.083560 0.128461
6 0.412704 0.328481 0.128668 0.143933
6 0.547554 0.317488 0.134783 0.137826
5 0.661481 0.317488 0.093071 0.137826
5 0.757065 0.319829 0.096196 0.133143
5 0.309171 0.674572 0.084647 0.125204
5 0.391236 0.668261 0.077310 0.119096
5 0.469158 0.664393 0.080435 0.123575
6 0.550611 0.673758 0.084647 0.114210
6 0.631658 0.678441 0.079348 0.117467
6 0.717323 0.688620 0.085734 0.147191
0 0.495788 0.378563 0.625000 0.272598
1 0.513519 0.618180 0.493342 0.291327
