3 0.297486 0.358001 0.077310 0.128461
3 0.380299 0.358001 0.088315 0.128461
2 0.489334 0.366958 0.126495 0.146376
2 0.615421 0.370725 0.125679 0.143730
2 0.725476 0.372659 0.090897 0.129682
3 0.807405 0.372659 0.071332 0.147598
3 0.337772 0.715594 0.093478 0.153909
4 0.427378 0.719971 0.084103 0.134976
3 0.505027 0.726283 0.074728 0.127239
2 0.581929 0.723840 0.080707 0.114617
2 0.658356 0.724450 0.077310 0.115839
3 0.743682 0.721906 0.091712 0.115635
0 0.549253 0.427321 0.587636 0.277280
1 0.540761 0.655130 0.501087 0.277280
