4 0.263791 0.329296 0.064810 0.114210
4 0.345788 0.327667 0.095109 0.126832
5 0.452446 0.330008 0.113859 0.153502
5 0.572079 0.329296 0.125408 0.154927
5 0.681793 0.344870 0.089946 0.101792
5 0.771671 0.344157 0.104484 0.115839
5 0.299321 0.668363 0.081522 0.103420
4 0.376155 0.667549 0.072147 0.098534
5 0.447622 0.664597 0.073234 0.108103
5 0.522894 0.688009 0.073234 0.108103
5 0.598166 0.711421 0.073234 0.108103
5 0.677514 0.702056 0.073234 0.108103
0 0.527649 0.396682 0.598777 0.289699
1 0.487908 0.622048 0.454620 0.289699
