4 0.338519 0.380191 0.078397 0.100366
4 0.408492 0.380395 0.078397 0.100366
4 0.506250 0.387215 0.110870 0.127036
4 0.620109 0.390472 0.110870 0.127036
4 0.718818 0.404011 0.078397 0.100366
4 0.798302 0.416633 0.078397 0.100366
5 0.502582 0.701140 0.091033 0.112785
5 0.583696 0.705110 0.066848 0.108103
5 0.658356 0.713762 0.082473 0.109528
5 0.743954 0.710505 0.082473 0.109528
4 0.423777 0.695542 0.066848 0.108103
5 0.340625 0.662052 0.091033 0.112785
4 0.340625 0.662052 0.091033 0.112785
0 0.573098 0.451445 0.549728 0.245725
1 0.533967 0.639353 0.490217 0.277077
