5 0.232405 0.343343 0.085734 0.117467
5 0.323370 0.338660 0.100272 0.130090
5 0.438315 0.351181 0.123370 0.145765
4 0.562160 0.359833 0.120245 0.137826
4 0.678125 0.361360 0.107609 0.134772
4 0.775408 0.353624 0.082609 0.112785
4 0.302921 0.664393 0.069973 0.126832
5 0.384986 0.668363 0.094158 0.134772
4 0.467595 0.694931 0.073234 0.119096
4 0.541236 0.697985 0.080571 0.106474
4 0.624864 0.689434 0.088859 0.104845
5 0.710054 0.666735 0.089946 0.134772
0 0.502582 0.418465 0.630163 0.330415
1 0.510938 0.620521 0.488179 0.255293
