6 0.275747 0.398208 0.097147 0.111156
6 0.373981 0.404520 0.097147 0.111156
6 0.483220 0.431901 0.116984 0.153298
6 0.612840 0.438213 0.137908 0.156555
6 0.729280 0.448493 0.097147 0.111156
6 0.812500 0.452362 0.081522 0.115635
6 0.308152 0.766999 0.086685 0.175285
5 0.400679 0.770867 0.098370 0.145562
4 0.491576 0.793567 0.081522 0.109528
4 0.575272 0.792142 0.081522 0.109528
4 0.655842 0.799878 0.081522 0.109528
4 0.741576 0.793770 0.081522 0.109528
0 0.539198 0.496030 0.634375 0.310057
1 0.526630 0.719157 0.515217 0.280334
