3 0.270041 0.354336 0.075136 0.104845
3 0.350476 0.360647 0.075136 0.104845
3 0.451359 0.356678 0.120109 0.112785
3 0.563723 0.345684 0.100272 0.103420
3 0.661957 0.370012 0.085598 0.110953
3 0.750679 0.373066 0.085598 0.110953
3 0.460258 0.676099 0.062636 0.094055
3 0.523981 0.704397 0.062636 0.094055
4 0.590829 0.707655 0.062636 0.094055
3 0.394361 0.688721 0.062636 0.094055
4 0.319701 0.723941 0.080435 0.111156
4 0.665625 0.732594 0.091033 0.097109
0 0.513043 0.431087 0.565489 0.267712
1 0.494226 0.658897 0.433832 0.247353
