4 0.289878 0.438111 0.077310 0.106678
4 0.382948 0.436482 0.106658 0.112785
5 0.496332 0.413070 0.124457 0.150244
5 0.624321 0.415411 0.123370 0.152077
5 0.736141 0.449817 0.094022 0.117467
4 0.815082 0.481169 0.057609 0.098738
4 0.348438 0.748982 0.091984 0.101792
5 0.436685 0.748880 0.095109 0.126832
5 0.525000 0.742671 0.075272 0.111156
5 0.597147 0.762215 0.075272 0.100163
5 0.673981 0.767712 0.078397 0.114414
4 0.746603 0.770867 0.066848 0.117467
0 0.546467 0.498473 0.598913 0.321050
1 0.543886 0.695542 0.482880 0.245725
