5 0.291440 0.373168 0.076359 0.120521
5 0.366712 0.373168 0.076359 0.120521
5 0.469633 0.380191 0.125408 0.137826
5 0.597215 0.376934 0.125408 0.137826
5 0.711141 0.370725 0.100272 0.134772
5 0.796875 0.365228 0.066848 0.123779
4 0.307133 0.651059 0.088723 0.100163
4 0.393886 0.672231 0.088859 0.129886
4 0.484783 0.684853 0.088859 0.129886
4 0.591304 0.699104 0.088859 0.129886
4 0.689538 0.699104 0.088859 0.129886
4 0.784647 0.686482 0.088859 0.129886
0 0.544429 0.449002 0.577989 0.269340
1 0.545992 0.622048 0.568614 0.289699
