6 0.251223 0.391999 0.094022 0.126832
6 0.349457 0.395257 0.094022 0.126832
6 0.454008 0.395969 0.112908 0.125000
6 0.579959 0.386502 0.130571 0.131311
6 0.691168 0.391999 0.094022 0.126832
6 0.774253 0.395867 0.065897 0.128461
4 0.325951 0.684752 0.080435 0.092223
5 0.402242 0.687907 0.072147 0.107899
6 0.475408 0.705924 0.076359 0.119096
5 0.554823 0.705110 0.080571 0.123575
4 0.628533 0.689536 0.058424 0.111156
4 0.697554 0.690961 0.081522 0.120521
0 0.506793 0.445949 0.611413 0.259976
1 0.515693 0.644748 0.457745 0.234935
