6 0.267459 0.350468 0.099321 0.125204
4 0.338995 0.381718 0.039674 0.081433
4 0.425747 0.362174 0.123234 0.120521
4 0.548030 0.362174 0.123234 0.120521
5 0.659918 0.391083 0.094022 0.109528
4 0.747690 0.384874 0.079348 0.128461
5 0.280978 0.698086 0.074185 0.100163
5 0.366780 0.703583 0.090897 0.105049
5 0.448234 0.710607 0.082609 0.109731
5 0.532948 0.704296 0.084647 0.125204
5 0.619633 0.747353 0.093071 0.111156
5 0.703261 0.747455 0.072011 0.123575
0 0.506250 0.436584 0.568478 0.300692
1 0.492120 0.673860 0.500543 0.286645
