5 0.256997 0.375509 0.078397 0.115839
5 0.345245 0.385586 0.096196 0.133143
5 0.457065 0.376934 0.114946 0.137826
5 0.575136 0.387928 0.114946 0.137826
5 0.690693 0.387215 0.113995 0.148616
5 0.787364 0.414597 0.081522 0.115839
5 0.330095 0.691775 0.084647 0.134772
5 0.413247 0.679255 0.079484 0.115839
4 0.491576 0.682410 0.075272 0.128257
4 0.567935 0.698799 0.073098 0.158184
5 0.643207 0.720786 0.075272 0.132940
5 0.722554 0.729336 0.075272 0.147191
0 0.524049 0.438111 0.610326 0.275651
1 0.526630 0.662052 0.481793 0.278909
