5 0.595041 0.478013 0.125408 0.129886
5 0.469633 0.467020 0.125408 0.129886
6 0.352582 0.436584 0.094022 0.125204
6 0.704280 0.509365 0.093071 0.123779
6 0.804076 0.503156 0.096196 0.136197
5 0.269497 0.405232 0.072147 0.103217
4 0.439334 0.789699 0.091984 0.101792
5 0.349524 0.810057 0.091984 0.101792
4 0.519293 0.808428 0.072011 0.101792
5 0.597690 0.832044 0.072011 0.101792
5 0.750272 0.891490 0.072011 0.101792
6 0.670924 0.836726 0.072011 0.101792
1 0.548573 0.788884 0.483832 0.319625
0 0.543886 0.525041 0.625000 0.342834
