5 0.291508 0.375509 0.099321 0.125204
6 0.384511 0.425489 0.082609 0.122150
6 0.488995 0.431087 0.120109 0.145562
6 0.606046 0.440452 0.111821 0.132940
6 0.700136 0.443607 0.074185 0.105049
6 0.787908 0.379377 0.099185 0.152077
6 0.308764 0.810057 0.098234 0.142508
6 0.390761 0.777993 0.063859 0.159813
5 0.463383 0.813925 0.077310 0.140879
5 0.523981 0.792040 0.050136 0.091002
6 0.604484 0.856169 0.104620 0.115839
5 0.686005 0.820949 0.083696 0.117467
0 0.536073 0.485037 0.594701 0.341409
1 0.494769 0.756107 0.472418 0.325733
