5 0.224524 0.342630 0.084647 0.131515
5 0.310802 0.351995 0.087908 0.144137
5 0.423709 0.384161 0.133832 0.151873
5 0.559579 0.390472 0.133832 0.151873
5 0.673505 0.431800 0.094022 0.134772
4 0.762296 0.414699 0.073234 0.112785
4 0.291984 0.794381 0.096196 0.120521
5 0.385530 0.748982 0.076223 0.095684
5 0.460258 0.741857 0.083560 0.131515
5 0.542867 0.748982 0.071060 0.129886
5 0.620177 0.748168 0.077310 0.109528
4 0.704755 0.778705 0.081522 0.142508
0 0.490557 0.441979 0.618614 0.327362
1 0.495245 0.716918 0.500543 0.288070
