5 0.593003 0.430273 0.121332 0.128461
5 0.479008 0.422537 0.121332 0.128461
6 0.376630 0.400550 0.079348 0.134568
6 0.287296 0.359019 0.090897 0.145562
6 0.771739 0.415411 0.087772 0.123575
6 0.690693 0.446763 0.076223 0.108103
4 0.674524 0.835912 0.089810 0.109528
5 0.587840 0.828176 0.089810 0.109528
5 0.507405 0.842223 0.089810 0.109528
4 0.416508 0.831433 0.089810 0.109528
5 0.330774 0.815757 0.089810 0.109528
5 0.237704 0.786034 0.089810 0.109528
1 0.460258 0.731779 0.522690 0.317793
0 0.529755 0.462337 0.582065 0.364821
