4 0.293071 0.466307 0.081522 0.165920
5 0.375068 0.478827 0.093071 0.137622
5 0.483220 0.464678 0.127582 0.137826
5 0.612840 0.464678 0.127582 0.137826
6 0.722554 0.478827 0.094022 0.103420
5 0.813519 0.477300 0.083560 0.125204
5 0.373505 0.791226 0.087772 0.086116
5 0.458628 0.784202 0.078397 0.090798
5 0.539062 0.785627 0.078397 0.090798
5 0.620584 0.787256 0.078397 0.090798
5 0.703193 0.788884 0.078397 0.090798
5 0.786753 0.791938 0.078397 0.090798
0 0.556929 0.533591 0.605163 0.303746
1 0.579416 0.732492 0.501766 0.206840
