5 0.261209 0.315248 0.084647 0.117467
5 0.351019 0.344870 0.099321 0.101792
5 0.471264 0.362174 0.138995 0.145765
5 0.606590 0.378563 0.127582 0.134568
6 0.722079 0.379377 0.099321 0.092223
6 0.814063 0.354336 0.084647 0.123575
5 0.300883 0.718445 0.097147 0.116042
5 0.387092 0.702769 0.081522 0.118893
4 0.470177 0.715289 0.082473 0.106474
4 0.548030 0.715289 0.085734 0.109731
5 0.632745 0.719971 0.075272 0.125204
5 0.721535 0.742671 0.100408 0.105049
0 0.538179 0.409100 0.638587 0.299064
1 0.511413 0.658388 0.522554 0.264658
