5 0.251223 0.410729 0.073098 0.108103
5 0.326495 0.410729 0.073098 0.108103
5 0.428872 0.408388 0.131658 0.118893
5 0.563179 0.406046 0.136957 0.139454
5 0.678193 0.414597 0.090897 0.134568
4 0.766508 0.424776 0.079484 0.117467
4 0.300883 0.789699 0.078397 0.098534
6 0.385054 0.788070 0.081522 0.111156
4 0.459715 0.781148 0.069973 0.122150
5 0.533899 0.777993 0.078397 0.106474
4 0.611821 0.759976 0.079348 0.101792
5 0.694361 0.755293 0.079484 0.092427
0 0.510938 0.476486 0.592527 0.286441
1 0.499932 0.707553 0.472418 0.269340
