4 0.637432 0.362887 0.132745 0.137826
4 0.499389 0.354947 0.132745 0.137826
5 0.758628 0.342630 0.090897 0.112785
5 0.383492 0.345684 0.090897 0.112785
4 0.291508 0.328379 0.090897 0.112785
4 0.849524 0.339373 0.090897 0.112785
5 0.800340 0.760586 0.090897 0.112785
5 0.423030 0.738599 0.090897 0.112785
5 0.521264 0.762011 0.090897 0.112785
5 0.618546 0.769748 0.090897 0.112785
5 0.712704 0.762011 0.090897 0.112785
4 0.322894 0.704194 0.090897 0.112785
1 0.561141 0.654214 0.569565 0.328787
0 0.574728 0.425590 0.659511 0.310057
