6 0.513111 0.339271 0.164538 0.172028
6 0.663043 0.372150 0.129076 0.151466
6 0.425951 0.775855 0.101902 0.142508
5 0.310122 0.325224 0.125408 0.159406
4 0.405978 0.362480 0.075543 0.114210
4 0.826834 0.372659 0.097418 0.159406
4 0.752106 0.380090 0.049049 0.126629
6 0.520380 0.781555 0.091304 0.129072
6 0.612772 0.801303 0.095109 0.143730
5 0.695448 0.812093 0.068614 0.122150
6 0.781522 0.874287 0.097283 0.128868
4 0.321060 0.774226 0.109511 0.148208
0 0.560734 0.413477 0.617391 0.376629
1 0.556590 0.758347 0.557745 0.356270
