6 0.619226 0.498270 0.119973 0.109731
5 0.494701 0.487480 0.126087 0.110953
5 0.424457 0.766796 0.085326 0.110953
5 0.502174 0.770257 0.074728 0.088151
5 0.576970 0.779825 0.073234 0.089373
5 0.653533 0.791124 0.084511 0.096091
4 0.737364 0.803033 0.081522 0.095073
4 0.334986 0.767406 0.087636 0.100774
5 0.379959 0.480761 0.100408 0.099552
5 0.722215 0.512419 0.086005 0.106270
5 0.282201 0.477809 0.089130 0.100570
4 0.806726 0.516287 0.083016 0.107492
0 0.544497 0.548046 0.613723 0.238599
1 0.535802 0.749898 0.487636 0.233103
