6 0.374049 0.463864 0.080435 0.114210
6 0.477514 0.463864 0.120245 0.120725
6 0.387092 0.791226 0.075272 0.098738
5 0.464470 0.796621 0.079484 0.103420
5 0.543342 0.814739 0.078261 0.123779
5 0.620109 0.827158 0.075272 0.114414
5 0.692255 0.831128 0.069022 0.106474
5 0.316033 0.794279 0.066848 0.098738
5 0.601359 0.481881 0.121196 0.122150
4 0.703736 0.508449 0.079484 0.106474
4 0.780027 0.515574 0.060598 0.108103
4 0.293003 0.450631 0.073234 0.125204
0 0.531861 0.528094 0.544429 0.317997
1 0.514606 0.758347 0.432745 0.274023
