6 0.415829 0.464678 0.124321 0.103217
6 0.530774 0.472516 0.103397 0.112785
6 0.315489 0.771580 0.086685 0.078176
4 0.224049 0.463050 0.096196 0.075122
5 0.312908 0.458367 0.079348 0.087744
5 0.623302 0.492773 0.075136 0.106474
4 0.700679 0.510077 0.075272 0.109731
5 0.395516 0.743485 0.081522 0.100163
5 0.465965 0.747353 0.063723 0.095684
5 0.531318 0.755904 0.066984 0.081433
5 0.596128 0.770867 0.060734 0.086116
4 0.233424 0.787357 0.081522 0.065757
0 0.452921 0.552423 0.560190 0.281963
1 0.417391 0.738701 0.441033 0.206637
