6 0.370856 0.437195 0.103397 0.137826
6 0.696399 0.431698 0.094158 0.117467
6 0.649864 0.772292 0.061685 0.115839
6 0.721467 0.794279 0.081522 0.125204
6 0.367663 0.786441 0.101359 0.103420
5 0.520312 0.767610 0.059647 0.115839
5 0.453940 0.782471 0.073098 0.095480
5 0.586141 0.775448 0.070109 0.106678
5 0.591848 0.447374 0.114946 0.089373
5 0.476427 0.434039 0.111821 0.118893
5 0.776359 0.416836 0.070109 0.103217
5 0.282541 0.395664 0.071060 0.117467
0 0.521332 0.480252 0.552989 0.296010
1 0.539130 0.730049 0.442120 0.263029
