5 0.379144 0.446152 0.103397 0.139047
5 0.424049 0.821661 0.095109 0.127850
5 0.512432 0.829601 0.075408 0.134772
5 0.596603 0.832960 0.088315 0.134568
5 0.689063 0.831230 0.096603 0.126629
4 0.509035 0.447272 0.150136 0.123371
4 0.652446 0.452362 0.133696 0.133550
4 0.765285 0.455212 0.087636 0.118893
4 0.857337 0.449613 0.092120 0.121132
6 0.276495 0.422435 0.098913 0.148208
5 0.330163 0.787256 0.088315 0.138029
5 0.783016 0.831942 0.089946 0.134568
0 0.559986 0.498270 0.653668 0.317793
1 0.561889 0.762317 0.524592 0.298656
