6 0.412160 0.792752 0.091984 0.095684
6 0.497826 0.799878 0.081522 0.090798
6 0.579891 0.801405 0.082609 0.087744
6 0.660394 0.808428 0.082473 0.083062
6 0.746603 0.810668 0.083696 0.081433
5 0.322283 0.789597 0.087772 0.086116
5 0.486889 0.457553 0.126495 0.086116
5 0.608152 0.467020 0.113859 0.092427
4 0.713179 0.485749 0.087772 0.101792
4 0.794701 0.502239 0.073098 0.109528
4 0.376630 0.452158 0.100272 0.103420
4 0.291508 0.459894 0.072147 0.090798
0 0.540149 0.539902 0.567527 0.285016
1 0.540761 0.741144 0.503804 0.239617
