4 0.609103 0.476283 0.134783 0.115839
4 0.720992 0.495216 0.084647 0.106474
5 0.808288 0.491958 0.081522 0.097109
5 0.468614 0.459182 0.135870 0.106474
5 0.356182 0.447374 0.086821 0.104845
4 0.269973 0.428644 0.083696 0.095480
4 0.485802 0.730761 0.090897 0.086116
4 0.574117 0.733103 0.094158 0.100163
5 0.667663 0.734731 0.084783 0.122150
5 0.748166 0.738701 0.078397 0.117467
5 0.398505 0.720684 0.089946 0.103420
5 0.314878 0.709691 0.077310 0.125407
0 0.534375 0.509976 0.610326 0.261401
1 0.539674 0.685362 0.510054 0.248982
