6 0.394973 0.495419 0.101902 0.118689
6 0.510122 0.497761 0.126766 0.107492
5 0.637704 0.515879 0.126766 0.100570
5 0.426766 0.774837 0.085326 0.091612
5 0.509715 0.770867 0.079212 0.088151
5 0.587092 0.780537 0.078533 0.075733
5 0.666780 0.788375 0.082201 0.080415
4 0.738859 0.779927 0.061957 0.074511
5 0.350883 0.760688 0.069429 0.119910
4 0.736957 0.515269 0.070109 0.094870
4 0.805639 0.524939 0.068614 0.093852
4 0.304823 0.486462 0.083016 0.089373
0 0.546739 0.553746 0.559239 0.251221
1 0.548641 0.725672 0.440761 0.217223
