6 0.361957 0.441877 0.077446 0.128461
6 0.755435 0.444218 0.086685 0.129886
6 0.404823 0.736258 0.077310 0.097109
5 0.470652 0.442691 0.133696 0.117467
5 0.480571 0.751120 0.072011 0.076751
5 0.560054 0.753563 0.082609 0.069015
5 0.638383 0.751221 0.069973 0.083062
4 0.715217 0.762113 0.071196 0.095480
4 0.322215 0.735546 0.079484 0.111156
4 0.594973 0.452871 0.114946 0.106474
4 0.683832 0.459894 0.060598 0.095684
5 0.276766 0.407370 0.092935 0.122150
0 0.517120 0.489617 0.569565 0.286645
1 0.516101 0.691673 0.465082 0.248982
