6 0.614334 0.488701 0.099592 0.107288
5 0.262160 0.705822 0.094429 0.136808
5 0.393546 0.447985 0.119973 0.116653
5 0.282133 0.438314 0.093614 0.106270
5 0.509375 0.477911 0.113315 0.104031
4 0.192731 0.430985 0.083832 0.120928
5 0.710870 0.481372 0.084511 0.092630
5 0.345584 0.712032 0.077038 0.092630
5 0.416916 0.719463 0.073234 0.087134
5 0.493886 0.728420 0.082337 0.096091
5 0.568682 0.732390 0.073234 0.099552
4 0.639606 0.731881 0.065625 0.087134
0 0.445245 0.505090 0.587228 0.269137
1 0.447894 0.707553 0.450679 0.192386
