6 0.380774 0.467020 0.098234 0.090798
5 0.438791 0.775448 0.078397 0.084691
5 0.513519 0.775448 0.073234 0.075326
5 0.644633 0.806800 0.078397 0.100163
5 0.578329 0.795806 0.050136 0.094055
5 0.490489 0.466918 0.123370 0.115839
5 0.610734 0.458367 0.114946 0.098738
5 0.710530 0.487276 0.084647 0.115839
5 0.293003 0.476384 0.091984 0.100163
5 0.795177 0.517814 0.076223 0.126832
4 0.369226 0.771478 0.058560 0.095480
5 0.291440 0.783184 0.076359 0.081433
0 0.539674 0.540513 0.591576 0.275651
1 0.475883 0.758245 0.443071 0.216002
