6 0.518207 0.502239 0.143207 0.133143
6 0.654620 0.514658 0.129620 0.142508
5 0.763791 0.542854 0.078397 0.148819
5 0.833288 0.582858 0.060598 0.166124
6 0.390149 0.498270 0.104484 0.128461
5 0.294565 0.498982 0.086685 0.133143
5 0.438791 0.851486 0.084647 0.117467
5 0.520312 0.871030 0.082473 0.115839
5 0.601834 0.887419 0.078397 0.101792
5 0.680707 0.898412 0.073098 0.105049
5 0.749185 0.922638 0.063859 0.131515
5 0.353057 0.857695 0.084647 0.120521
0 0.556318 0.615737 0.608288 0.372761
1 0.547486 0.836523 0.465082 0.313111
