6 0.498302 0.502239 0.118071 0.120521
6 0.618003 0.509263 0.119158 0.115839
6 0.651970 0.799674 0.069973 0.083062
6 0.585122 0.798962 0.065897 0.078379
6 0.514538 0.798147 0.073098 0.070643
6 0.448166 0.794279 0.063723 0.084487
5 0.719361 0.509976 0.085734 0.111156
5 0.798845 0.520969 0.073234 0.111156
6 0.393274 0.494300 0.085734 0.101792
5 0.314402 0.488090 0.074185 0.092223
4 0.377106 0.789495 0.076223 0.100163
4 0.717255 0.798860 0.060598 0.090798
1 0.550068 0.747252 0.409647 0.219259
0 0.550611 0.549165 0.546603 0.258347
