6 0.349049 0.426405 0.067120 0.080415
5 0.417323 0.416836 0.070788 0.082451
4 0.502038 0.418974 0.092935 0.103827
4 0.601495 0.417345 0.098641 0.100570
5 0.690149 0.425896 0.078668 0.113599
6 0.764130 0.434446 0.067935 0.122150
5 0.387296 0.686279 0.070788 0.094463
4 0.452717 0.687907 0.065761 0.093241
4 0.514946 0.688416 0.061413 0.092223
4 0.574660 0.686787 0.056386 0.086930
5 0.633288 0.692182 0.062228 0.086726
6 0.697622 0.695440 0.070788 0.084691
0 0.556454 0.465493 0.487636 0.233510
1 0.542867 0.641287 0.387636 0.210098
