6 0.368750 0.429153 0.067935 0.087948
5 0.436617 0.431189 0.066440 0.089984
4 0.516372 0.437195 0.091440 0.104031
5 0.613587 0.442997 0.098641 0.115635
5 0.698370 0.447272 0.067935 0.113599
5 0.762364 0.441979 0.065761 0.109121
5 0.383696 0.684650 0.057880 0.093241
6 0.439810 0.684141 0.060054 0.094259
6 0.501359 0.686787 0.067120 0.097516
6 0.559647 0.686787 0.055163 0.104031
6 0.618682 0.688416 0.062908 0.102809
6 0.678329 0.692182 0.059375 0.103827
0 0.565014 0.489108 0.464810 0.216409
1 0.534647 0.646071 0.361141 0.217630
